request_id,trip_id,rq_time,start,end,bus_end_tt,bus_tt
0,1002.0,31168,4123,2179,31348,180
1,1002.0,32320,2199,4521,32560,240
2,1001.0,32330,5759,6378,32510,180
3,1001.0,32337,451,6378,32577,240
4,1001.0,32665,5759,1237,32965,300
5,1002.0,32715,2199,5283,33015,300
6,1002.0,32808,1919,5754,33048,240
7,1002.0,32893,2199,5283,33193,300
8,1001.0,33314,2337,4123,33554,240
9,1001.0,33643,1919,4123,34183,540
10,1001.0,33678,2199,4123,34278,600
11,1001.0,33801,2179,4123,34101,300
12,1004.0,34110,2337,5283,34770,660
13,1001.0,34154,2179,4123,34454,300
14,1001.0,34350,2028,2179,34470,120
15,1003.0,34379,451,6378,34619,240
16,1004.0,34550,4123,4521,35270,720
17,1004.0,34891,2199,4451,35311,420
18,1003.0,35049,2337,4123,35289,240
19,1006.0,35801,2199,5754,35921,120
20,1006.0,35833,2337,2028,35953,120
21,1003.0,35845,1237,4123,36745,900
22,1006.0,35996,2337,1801,36176,180
23,1005.0,36202,5759,280,36262,60
24,1006.0,36538,5754,5283,36718,180
25,1005.0,36550,2179,4123,36850,300
26,1008.0,36745,2337,4451,37525,780
27,1008.0,36919,4123,2028,37159,240
28,1008.0,37146,2337,4455,37986,840
29,1007.0,37337,4473,280,37517,180
30,1008.0,37612,2199,4451,38032,420
31,1007.0,37653,4473,451,37713,60
32,1008.0,37781,2337,4451,38561,780
33,1007.0,38022,4459,4123,38862,840
34,1007.0,38131,4459,4521,38191,60
35,1007.0,38183,451,5759,38243,60
36,1005.0,38231,2337,4123,38471,240
37,1005.0,38260,2179,4123,38560,300
38,1007.0,38280,451,5759,38340,60
39,1010.0,38286,4123,2028,38526,240
40,1007.0,38292,2199,4123,38892,600
41,1007.0,38320,2028,4123,38740,420
42,1010.0,38408,2337,5283,39068,660
43,1007.0,38473,2199,4123,39073,600
44,1008.0,38506,5754,5283,38686,180
45,1007.0,38800,5754,1801,39040,240
46,1007.0,39166,1919,4123,39706,540
47,1007.0,39255,2179,2337,39315,60
48,1010.0,39428,1919,5283,39848,420
49,1009.0,39487,280,6378,39607,120
50,1010.0,39531,1801,4451,40131,600
51,1007.0,39562,1919,4123,40102,540
52,1007.0,39599,2179,4123,39899,300
53,1009.0,39668,4459,4123,40508,840
54,1009.0,39853,1919,2179,40093,240
55,1010.0,40080,4123,2179,40260,180
56,1010.0,40160,2199,5283,40460,300
57,1009.0,40217,2179,2337,40277,60
58,1010.0,40601,5283,4451,40721,120
59,1009.0,40686,2179,4123,40986,300
60,1009.0,40709,2179,4123,41009,300
61,1012.0,41041,4521,4451,41221,180
62,1012.0,41102,4123,2337,41222,120
63,1009.0,41114,1919,4123,41654,540
64,1012.0,41260,4123,4451,42160,900
65,1012.0,41266,5754,4451,41566,300
66,1011.0,41380,4459,4521,41440,60
67,1012.0,41846,2199,5283,42146,300
68,1014.0,41892,4123,2028,42132,240
69,1011.0,42004,2028,4123,42424,420
70,1011.0,42036,451,5759,42096,60
71,1014.0,42221,4123,2179,42401,180
72,1011.0,42288,4473,451,42348,60
73,1014.0,42307,4123,2179,42487,180
74,1011.0,42392,2028,4123,42812,420
75,1011.0,42635,2179,4123,42935,300
76,1011.0,42746,4459,5754,42866,120
77,1014.0,42898,4123,4451,43798,900
78,1011.0,42923,4521,5754,42983,60
79,1014.0,42966,4123,2028,43206,240
80,1013.0,43073,451,4521,43553,480
81,1014.0,43173,5754,5283,43353,180
82,1011.0,43225,2337,4123,43465,240
83,1013.0,43579,5754,4123,44299,720
84,1013.0,43642,5759,1008,43762,120
85,1013.0,43716,2199,1919,43776,60
86,1013.0,43840,2337,4123,44080,240
87,1014.0,43967,4603,4451,44027,60
88,1014.0,43986,2199,5283,44286,300
89,1016.0,44636,5754,4451,44936,300
90,1015.0,44858,451,5759,44918,60
91,1013.0,44894,1919,4123,45434,540
92,1016.0,45434,2337,2028,45554,120
93,1015.0,45488,4459,4521,45548,60
94,1016.0,45495,2199,4603,45855,360
95,1018.0,45780,2028,4521,46260,480
96,1015.0,45808,2028,4123,46228,420
97,1018.0,45908,2028,4473,46748,840
98,1015.0,45983,280,6378,46103,120
99,1015.0,46015,4521,5754,46075,60
100,1018.0,46120,2337,2028,46240,120
101,1018.0,46128,4123,4521,46848,720
102,1015.0,46153,2199,4123,46753,600
103,1018.0,46196,4123,4521,46916,720
104,1015.0,46242,4473,451,46302,60
105,1015.0,46373,1919,2337,46673,300
106,1018.0,46413,2337,1919,46653,240
107,1017.0,46502,4473,451,46562,60
108,1018.0,46536,4123,1801,46836,300
109,1018.0,46611,2337,2028,46731,120
110,1018.0,46666,2028,5754,47026,360
111,1015.0,46770,1919,2179,47010,240
112,1018.0,47034,4123,2028,47274,240
113,1018.0,47178,2337,1919,47418,240
114,1017.0,47482,2337,4123,47722,240
115,1020.0,47600,4123,1919,47960,360
116,1020.0,47618,4123,2179,47798,180
117,1017.0,47668,5754,4123,48388,720
118,1018.0,47758,2199,5754,47878,120
119,1017.0,47778,5754,4123,48498,720
120,1017.0,48176,5754,4123,48896,720
121,1020.0,48179,4123,2028,48419,240
122,1020.0,48228,4123,5283,49008,780
123,1019.0,48389,451,280,48509,120
124,1020.0,48411,4123,2028,48651,240
125,1019.0,48487,4473,451,48547,60
126,1019.0,48546,4459,4521,48606,60
127,1020.0,48554,1919,4451,49094,540
128,1019.0,48564,4473,280,48744,180
129,1020.0,48578,4123,4521,49298,720
130,1020.0,48595,5283,4451,48715,120
131,1020.0,48627,4123,2179,48807,180
132,1020.0,48740,4521,5283,48800,60
133,1019.0,48779,6378,4459,48959,180
134,1019.0,48913,6378,4459,49093,180
135,1020.0,49081,2337,2028,49201,120
136,1019.0,49106,4459,4521,49166,60
137,1022.0,49123,4123,1919,49483,360
138,1022.0,49224,4123,2337,49344,120
139,1019.0,49295,2179,4123,49595,300
140,1022.0,49358,4123,1919,49718,360
141,1020.0,49442,2199,5283,49742,300
142,1020.0,49691,4451,4455,49751,60
143,1019.0,49743,1237,4459,49803,60
144,1019.0,49822,5754,4123,50542,720
145,1021.0,50117,5759,280,50177,60
146,1022.0,50149,2199,5754,50269,120
147,1022.0,50156,4123,2199,50636,480
148,1022.0,50676,4123,2337,50796,120
149,1021.0,50728,4473,280,50908,180
150,1022.0,50779,4123,4455,51739,960
151,1022.0,50788,4123,2337,50908,120
152,1022.0,50811,4123,2179,50991,180
153,1021.0,50937,6378,1237,51057,120
154,1022.0,51084,2028,1919,51204,120
155,1024.0,51164,4123,4451,52064,900
156,1021.0,51420,1237,2199,51720,300
157,1021.0,51454,2179,2337,51514,60
158,1024.0,51473,1801,2199,51653,180
159,1021.0,51489,2179,4123,51789,300
160,1024.0,51500,2179,4451,52220,720
161,1024.0,51634,2179,4603,52294,660
162,1023.0,51964,4473,451,52024,60
163,1023.0,52097,6378,4521,52337,240
164,1024.0,52099,4123,4451,52999,900
165,1023.0,52157,4459,2028,52577,420
166,1023.0,52541,1237,4459,52601,60
167,1023.0,52778,4473,451,52838,60
168,1023.0,52818,5754,2179,53238,420
169,1023.0,52967,6378,4459,53147,180
170,1026.0,52982,1801,5283,53462,480
171,1023.0,53052,1919,4123,53592,540
172,1023.0,53146,4459,4521,53206,60
173,1023.0,53167,2337,4123,53407,240
174,1023.0,53283,5754,1801,53523,240
175,1023.0,53379,451,5759,53439,60
176,1023.0,53387,4459,4123,54227,840
177,1023.0,53501,4459,4123,54341,840
178,1025.0,53955,4473,5759,54075,120
179,1026.0,54261,4123,2337,54381,120
180,1026.0,54283,5283,4451,54403,120
181,1026.0,54359,4123,2199,54839,480
182,1025.0,54622,6378,4459,54802,180
183,1028.0,54707,4123,2337,54827,120
184,1025.0,54829,5759,6378,55009,180
185,1026.0,54843,5283,4603,54903,60
186,1028.0,54870,2179,2028,54930,60
187,1026.0,54924,5283,4455,55104,180
188,1028.0,54988,4123,4455,55948,960
189,1028.0,55010,2199,4451,55430,420
190,1028.0,55014,4123,2179,55194,180
191,1028.0,55349,2199,5754,55469,120
192,1025.0,55423,1919,2028,55543,120
193,1028.0,55492,4123,2199,55972,480
194,1027.0,55551,451,5759,55611,60
195,1028.0,55580,4123,1919,55940,360
196,1025.0,55845,2028,2179,55965,120
197,1028.0,55902,4123,2337,56022,120
198,1027.0,55999,4473,451,56059,60
199,1028.0,56034,4123,5754,56634,600
200,1028.0,56153,4123,2028,56393,240
201,1027.0,56242,5754,1919,56422,180
202,1027.0,56533,6378,4521,56773,240
203,1030.0,56623,4123,2028,56863,240
204,1030.0,56789,4123,5283,57569,780
205,1030.0,57012,4123,1919,57372,360
206,1027.0,57135,6378,1237,57255,120
207,1029.0,57260,4473,451,57320,60
208,1030.0,57448,4123,2028,57688,240
209,1030.0,57485,4123,1919,57845,360
210,1029.0,57632,4473,451,57692,60
211,1030.0,57799,2199,4521,58039,240
212,1027.0,57912,2179,4123,58212,300
213,1029.0,57920,4473,451,57980,60
214,1029.0,57935,4521,2028,58295,360
215,1029.0,58161,4459,4521,58221,60
216,1030.0,58296,1801,1919,58356,60
217,1029.0,58396,5754,2028,58696,300
218,1029.0,58714,280,6378,58834,120
219,1032.0,58789,4123,2179,58969,180
220,1029.0,58844,5754,2337,59324,480
221,1032.0,58913,4123,1919,59273,360
222,1031.0,59067,280,1008,59127,60
223,1032.0,59194,4123,5754,59794,600
224,1032.0,59223,4123,2179,59403,180
225,1032.0,59593,4123,2199,60073,480
226,1031.0,59806,4521,5754,59866,60
227,1031.0,59963,4473,5759,60083,120
228,1031.0,60036,280,1237,60276,240
229,1031.0,60041,2179,2337,60101,60
230,1034.0,60103,4123,2028,60343,240
231,1031.0,60158,6378,4459,60338,180
232,1034.0,60163,4123,2179,60343,180
233,1031.0,60207,2179,4123,60507,300
234,1034.0,60260,4123,2028,60500,240
235,1034.0,60591,4123,2179,60771,180
236,1031.0,60651,280,1801,61311,660
237,1031.0,60955,2337,4123,61195,240
238,1031.0,61119,4459,5754,61239,120
239,1034.0,61211,4123,2179,61391,180
240,1033.0,61301,1237,5754,61481,180
241,1034.0,61632,4123,2179,61812,180
242,1033.0,61892,4459,5754,62012,120
243,1036.0,62068,4123,5283,62848,780
244,1035.0,62810,1008,2199,63290,480
245,1036.0,62901,4123,1801,63201,300
246,1033.0,62946,2337,4123,63186,240
247,1033.0,63027,2028,2179,63147,120
248,1036.0,63087,4123,2199,63567,480
249,1035.0,63094,1008,2199,63574,480
250,1036.0,63422,5283,4603,63482,60
251,1036.0,63433,4123,1919,63793,360
252,1036.0,64243,4123,2179,64423,180
253,1037.0,65657,451,4123,66917,1260
254,1038.0,67139,4123,2337,67259,120
255,1038.0,67583,4123,2337,67703,120
256,1038.0,67751,4123,2179,67931,180
257,1040.0,68718,2337,2179,68778,60
258,1037.0,69217,2028,4123,69637,420
259,1039.0,69716,5759,280,69776,60
260,1040.0,70347,4123,2028,70587,240
261,1040.0,70395,4123,2028,70635,240
262,1039.0,70408,280,1008,70468,60
263,1040.0,70868,2179,5283,71468,600
264,1039.0,71898,2179,4123,72198,300
265,1042.0,72729,4123,1801,73029,300
266,1041.0,73617,4473,451,73677,60
267,1042.0,73629,4123,4521,74349,720
268,1041.0,74793,2179,4123,75093,300
269,1041.0,74827,4459,5754,74947,120
270,1041.0,75141,1237,4459,75201,60
271,1041.0,75667,4473,451,75727,60
272,1044.0,75723,4123,4521,76443,720
273,1041.0,76010,5754,2199,76130,120
274,1043.0,76323,280,2199,76863,540
275,1043.0,77534,280,4459,77834,300
276,1044.0,77578,4123,1919,77938,360
277,1044.0,77758,4123,2179,77938,180
278,1044.0,78167,4123,2337,78287,120
279,1044.0,78232,4123,2179,78412,180
280,1043.0,78461,5754,2199,78581,120
281,1043.0,78481,2337,4123,78721,240
282,1046.0,79956,4123,2337,80076,120
283,1045.0,80175,5759,280,80235,60
284,1043.0,80262,2199,4123,80862,600
285,1045.0,80805,4473,5754,81405,600
286,1045.0,80902,2199,1801,81022,120
287,1046.0,80962,4123,4603,81802,840
288,1045.0,81754,5759,280,81814,60
289,1045.0,83146,4473,5754,83746,600
290,1045.0,83202,2199,1801,83322,120
291,1045.0,83568,1919,2179,83808,240
292,1048.0,83809,2337,2028,83929,120
