request_id,trip_id,rq_time,start,end,bus_end_tt,bus_tt
0,1002.0,31614,2199,5283,31914,300
1,1002.0,31712,4123,2199,32192,480
2,1002.0,32233,4123,1919,32593,360
3,1002.0,32244,4123,2179,32424,180
4,1002.0,32418,2199,5283,32718,300
5,1001.0,32486,451,2337,33506,1020
6,1002.0,32541,5754,5283,32721,180
7,1002.0,32760,1919,5283,33180,420
8,1001.0,33005,5759,4123,34205,1200
9,1002.0,33022,5754,5283,33202,180
10,1001.0,33484,4459,4123,34324,840
11,1001.0,33488,2179,4123,33788,300
12,1001.0,33588,5759,1008,33708,120
13,1001.0,33634,1919,2179,33874,240
14,1001.0,33710,1801,4123,34190,480
15,1004.0,34162,1919,5283,34582,420
16,1004.0,34303,5754,4455,34663,360
17,1003.0,34985,4473,280,35165,180
18,1006.0,35166,4123,2028,35406,240
19,1006.0,35321,1919,4451,35861,540
20,1005.0,36218,451,5759,36278,60
21,1008.0,36523,4123,2028,36763,240
22,1005.0,37020,5754,2337,37500,480
23,1005.0,37061,2179,4123,37361,300
24,1005.0,37109,2179,4123,37409,300
25,1005.0,37234,2179,4123,37534,300
26,1005.0,37566,2179,2337,37626,60
27,1008.0,37645,5754,4521,37765,120
28,1005.0,37695,2028,4123,38115,420
29,1008.0,37696,1919,5283,38116,420
30,1005.0,37699,2179,4123,37999,300
31,1008.0,37776,5754,4451,38076,300
32,1008.0,37881,5754,4521,38001,120
33,1007.0,38272,5754,4123,38992,720
34,1007.0,38288,1237,4521,38408,120
35,1010.0,38570,2179,5283,39170,600
36,1008.0,38697,2199,4603,39057,360
37,1007.0,38716,1801,4123,39196,480
38,1007.0,38726,2337,4123,38966,240
39,1007.0,38730,2199,4123,39330,600
40,1007.0,38838,2028,4123,39258,420
41,1007.0,38895,2337,4123,39135,240
42,1007.0,38911,1801,4123,39391,480
43,1007.0,39091,451,4521,39571,480
44,1007.0,39205,2337,4123,39445,240
45,1007.0,39251,2028,4123,39671,420
46,1010.0,39814,4521,5283,39874,60
47,1007.0,39829,1801,2337,40069,240
48,1007.0,39891,2028,4123,40311,420
49,1012.0,40131,4123,2337,40251,120
50,1010.0,40307,2199,5283,40607,300
51,1009.0,40364,6378,1237,40484,120
52,1012.0,40438,4123,4473,41518,1080
53,1011.0,41022,451,280,41142,120
54,1009.0,41058,6378,5754,41358,300
55,1009.0,41064,2179,4123,41364,300
56,1011.0,41080,4473,451,41140,60
57,1009.0,41086,2199,4123,41686,600
58,1012.0,41093,2337,4455,41933,840
59,1012.0,41159,4123,4473,42239,1080
60,1012.0,41176,2199,4521,41416,240
61,1012.0,41185,4521,5283,41245,60
62,1012.0,41585,2028,5754,41945,360
63,1011.0,41604,5759,280,41664,60
64,1012.0,41778,2337,2028,41898,120
65,1012.0,41780,4123,2179,41960,180
66,1011.0,41980,2028,4123,42400,420
67,1011.0,41998,6378,4459,42178,180
68,1014.0,42112,4123,2028,42352,240
69,1014.0,42150,4123,2028,42390,240
70,1011.0,42271,2337,4123,42511,240
71,1011.0,42684,1919,2337,42984,300
72,1013.0,42908,451,280,43028,120
73,1014.0,43035,2199,5283,43335,300
74,1011.0,43248,5754,4123,43968,720
75,1013.0,43316,1237,4521,43436,120
76,1013.0,43554,451,5759,43614,60
77,1016.0,43700,4123,2028,43940,240
78,1013.0,43893,451,5759,43953,60
79,1013.0,44108,5754,2199,44228,120
80,1013.0,44168,280,1008,44228,60
81,1016.0,44175,2028,4451,44835,660
82,1013.0,44208,5754,4123,44928,720
83,1013.0,44731,4459,4521,44791,60
84,1015.0,44838,6378,4521,45078,240
85,1015.0,44852,6378,4521,45092,240
86,1016.0,45286,4521,5283,45346,60
87,1015.0,45303,6378,5754,45603,300
88,1016.0,45343,2199,4451,45763,420
89,1015.0,45371,1801,2337,45611,240
90,1015.0,45633,2028,4123,46053,420
91,1016.0,45759,5754,4451,46059,300
92,1016.0,45820,5283,4451,45940,120
93,1015.0,45897,5759,280,45957,60
94,1015.0,45941,6378,4459,46121,180
95,1015.0,46017,1008,6378,46077,60
96,1018.0,46049,4123,2179,46229,180
97,1018.0,46159,4123,5283,46939,780
98,1015.0,46349,4459,4521,46409,60
99,1018.0,46383,2179,4451,47103,720
100,1018.0,46414,2028,5754,46774,360
101,1018.0,46507,2199,5754,46627,120
102,1015.0,46648,5754,2337,47128,480
103,1015.0,46685,4459,4521,46745,60
104,1015.0,46687,1919,2337,46987,300
105,1017.0,46734,451,1237,47094,360
106,1015.0,46841,2179,2337,46901,60
107,1017.0,46862,451,1237,47222,360
108,1017.0,47000,2199,2337,47360,360
109,1018.0,47185,4123,2179,47365,180
110,1020.0,47280,4123,4451,48180,900
111,1017.0,47349,2179,4123,47649,300
112,1017.0,47560,451,280,47680,120
113,1020.0,47718,2337,2179,47778,60
114,1020.0,47740,4123,2028,47980,240
115,1018.0,47795,4521,4451,47975,180
116,1020.0,47848,4123,2028,48088,240
117,1017.0,47996,4473,451,48056,60
118,1017.0,48044,4473,451,48104,60
119,1017.0,48315,2028,4123,48735,420
120,1019.0,48378,5759,280,48438,60
121,1019.0,48384,4473,451,48444,60
122,1020.0,48389,4123,2028,48629,240
123,1019.0,48498,4473,451,48558,60
124,1017.0,48518,1919,2337,48818,300
125,1020.0,48610,2337,1801,48790,180
126,1019.0,48621,451,5759,48681,60
127,1017.0,48800,2337,4123,49040,240
128,1020.0,48897,2337,2028,49017,120
129,1020.0,49111,2199,5754,49231,120
130,1022.0,49163,4123,2199,49643,480
131,1022.0,49680,4123,5283,50460,780
132,1019.0,49687,280,6378,49807,120
133,1022.0,49696,2028,1919,49816,120
134,1020.0,49717,4603,4473,49957,240
135,1019.0,49788,4473,5759,49908,120
136,1022.0,50093,4123,4451,50993,900
137,1019.0,50328,4459,5754,50448,120
138,1021.0,50330,6378,4459,50510,180
139,1022.0,50620,2199,4473,51220,600
140,1021.0,50738,4473,5759,50858,120
141,1022.0,50831,4123,1919,51191,360
142,1021.0,50942,6378,1237,51062,120
143,1024.0,50946,4123,2199,51426,480
144,1022.0,50971,2028,1919,51091,120
145,1021.0,50994,280,6378,51114,120
146,1024.0,51128,4123,2179,51308,180
147,1024.0,51250,4123,2179,51430,180
148,1021.0,51290,4459,4521,51350,60
149,1021.0,51473,4473,451,51533,60
150,1021.0,51680,1237,4459,51740,60
151,1021.0,51777,4459,4123,52617,840
152,1023.0,51926,280,4459,52226,300
153,1024.0,52047,1801,5754,52347,300
154,1021.0,52151,2028,4123,52571,420
155,1024.0,52302,2337,5754,52782,480
156,1024.0,52482,4123,2199,52962,480
157,1023.0,52576,4473,451,52636,60
158,1026.0,52763,4123,2028,53003,240
159,1024.0,52835,5283,4451,52955,120
160,1026.0,52850,4123,2028,53090,240
161,1024.0,53019,2199,5283,53319,300
162,1023.0,53114,2179,2337,53174,60
163,1024.0,53118,2199,4521,53358,240
164,1026.0,53192,4123,2028,53432,240
165,1023.0,53215,2199,2028,53395,180
166,1023.0,53272,451,5759,53332,60
167,1026.0,53492,4123,5754,54092,600
168,1026.0,53765,4123,2337,53885,120
169,1026.0,53841,4123,4521,54561,720
170,1023.0,54030,2337,4123,54270,240
171,1026.0,54034,4123,2337,54154,120
172,1026.0,54457,4123,2337,54577,120
173,1025.0,54500,280,6378,54620,120
174,1026.0,54605,2199,4451,55025,420
175,1028.0,54781,4123,2337,54901,120
176,1028.0,54974,4123,2337,55094,120
177,1025.0,55023,4459,2179,55563,540
178,1028.0,55421,4123,5283,56201,780
179,1028.0,55698,4123,2337,55818,120
180,1027.0,55745,4459,4521,55805,60
181,1028.0,55809,4123,2337,55929,120
182,1027.0,55937,1237,4521,56057,120
183,1027.0,56365,2337,4123,56605,240
184,1027.0,56447,4473,5759,56567,120
185,1030.0,56691,2337,5754,57171,480
186,1030.0,56726,4123,5754,57326,600
187,1030.0,56733,1919,4521,57093,360
188,1027.0,56930,1237,4123,57830,900
189,1027.0,56972,2028,4123,57392,420
190,1030.0,57057,4123,1919,57417,360
191,1027.0,57118,2337,4123,57358,240
192,1027.0,57208,2028,2337,57388,180
193,1030.0,57214,4123,5754,57814,600
194,1030.0,57393,4123,2337,57513,120
195,1030.0,57504,5283,4473,57804,300
196,1030.0,57713,2337,5754,58193,480
197,1029.0,57758,4459,5754,57878,120
198,1027.0,57797,2028,4123,58217,420
199,1029.0,57889,4459,4521,57949,60
200,1032.0,58087,4123,2337,58207,120
201,1029.0,58143,6378,5754,58443,300
202,1032.0,58214,4123,5283,58994,780
203,1029.0,58300,4473,451,58360,60
204,1030.0,58422,5283,4603,58482,60
205,1029.0,58634,2028,2337,58814,180
206,1029.0,58765,4473,451,58825,60
207,1029.0,58780,1237,4459,58840,60
208,1029.0,58867,280,1008,58927,60
209,1032.0,59039,4123,2179,59219,180
210,1032.0,59289,4123,2028,59529,240
211,1029.0,59292,1919,2179,59532,240
212,1031.0,59476,5759,280,59536,60
213,1032.0,59496,4123,2337,59616,120
214,1032.0,59552,4123,2028,59792,240
215,1034.0,59922,4123,5283,60702,780
216,1034.0,60205,4123,4473,61285,1080
217,1034.0,60223,4123,2179,60403,180
218,1031.0,60592,4459,1919,60892,300
219,1034.0,60615,4123,2028,60855,240
220,1034.0,60936,4123,2337,61056,120
221,1031.0,60953,2179,4123,61253,300
222,1031.0,61269,1919,4123,61809,540
223,1034.0,61269,4123,2028,61509,240
224,1033.0,61467,4459,5754,61587,120
225,1033.0,61599,4473,451,61659,60
226,1036.0,61738,4123,2337,61858,120
227,1033.0,61766,1237,4459,61826,60
228,1034.0,62009,4521,5283,62069,60
229,1033.0,62404,4473,451,62464,60
230,1036.0,62507,4123,1801,62807,300
231,1035.0,62804,1008,2199,63284,480
232,1035.0,63049,1008,2199,63529,480
233,1036.0,63198,4123,2179,63378,180
234,1033.0,63213,1801,4123,63693,480
235,1033.0,63348,2179,4123,63648,300
236,1036.0,63390,4123,2028,63630,240
237,1035.0,63527,1008,2199,64007,480
238,1036.0,63765,4123,2199,64245,480
239,1035.0,64317,1008,2199,64797,480
240,1036.0,64379,4123,2199,64859,480
241,1035.0,64479,1008,2199,64959,480
242,1038.0,64487,4123,2337,64607,120
243,1035.0,64539,1008,2199,65019,480
244,1035.0,64556,4521,2028,64916,360
245,1038.0,64631,4123,1919,64991,360
246,1035.0,64904,1008,2199,65384,480
247,1035.0,65396,1008,2199,65876,480
248,1035.0,65871,2028,4123,66291,420
249,1037.0,66057,1237,4459,66117,60
250,1038.0,66176,4123,2179,66356,180
251,1038.0,66297,4123,2028,66537,240
252,1037.0,66507,1237,4459,66567,60
253,1038.0,66907,4123,2337,67027,120
254,1040.0,68547,4123,5754,69147,600
255,1040.0,68944,616,5754,69844,900
256,1040.0,68977,4123,5283,69757,780
257,1040.0,69445,5283,4455,69625,180
258,1040.0,69872,2028,5754,70232,360
259,1039.0,69890,4459,2199,70130,240
260,1039.0,70036,4459,5754,70156,120
261,1039.0,70053,2028,4123,70473,420
262,1040.0,70876,4123,2199,71356,480
263,1039.0,71122,4459,5754,71242,120
264,1040.0,71539,1801,5283,72019,480
265,1042.0,71581,4123,4473,72661,1080
266,1039.0,71749,280,6378,71869,120
267,1040.0,72187,5283,4451,72307,120
268,1039.0,72193,2028,4123,72613,420
269,1042.0,72264,2337,2199,72624,360
270,1042.0,72418,2179,4455,73198,780
271,1039.0,73051,2028,2179,73171,120
272,1041.0,73354,280,4459,73654,300
273,1042.0,73709,2028,2199,73949,240
274,1042.0,74503,5754,5283,74683,180
275,1042.0,74822,616,2337,75242,420
276,1041.0,75548,5759,4459,75908,360
277,1041.0,75906,280,4459,76206,300
278,1043.0,78070,2028,4123,78490,420
279,1043.0,78275,4459,2199,78515,240
280,1046.0,79084,4123,4603,79924,840
281,1043.0,79279,4521,1801,79579,300
282,1043.0,79712,2028,4123,80132,420
283,1046.0,80619,616,2179,81099,480
284,1046.0,81398,2337,2179,81458,60
285,1045.0,81744,280,4521,82104,360
286,1046.0,81771,616,4123,82071,300
287,1046.0,81883,4123,2337,82003,120
288,1045.0,82670,5754,4123,83390,720
289,1045.0,83039,5759,280,83099,60
290,1047.0,83433,4473,451,83493,60
291,1045.0,83639,4459,2199,83879,240
292,1048.0,84105,4123,2028,84345,240
293,1048.0,84938,4123,2179,85118,180
