request_id,trip_id,rq_time,start,end,bus_end_tt,bus_tt
0,1002.0,31779,5754,5283,31959,180
1,1002.0,31798,2028,5283,32338,540
2,1002.0,31993,2199,5283,32293,300
3,1002.0,32096,1919,2199,32216,120
4,1002.0,32108,4123,2337,32228,120
5,1002.0,32320,1801,4521,32740,420
6,1002.0,32591,2199,5283,32891,300
7,1002.0,32908,5754,5283,33088,180
8,1001.0,32952,5754,4123,33672,720
9,1001.0,33061,2179,4123,33361,300
10,1002.0,33217,2199,4451,33637,420
11,1002.0,33220,2199,5283,33520,300
12,1001.0,33915,5754,4123,34635,720
13,1003.0,33958,280,6378,34078,120
14,1001.0,34060,2179,4123,34360,300
15,1001.0,34247,2179,4123,34547,300
16,1001.0,34603,2337,4123,34843,240
17,1004.0,34679,4123,4451,35579,900
18,1006.0,34879,2179,5283,35479,600
19,1004.0,34963,2199,4451,35383,420
20,1003.0,35124,451,4521,35604,480
21,1003.0,35141,5759,4459,35501,360
22,1006.0,35145,4123,2028,35385,240
23,1003.0,35229,2337,4123,35469,240
24,1006.0,35466,5754,5283,35646,180
25,1005.0,35635,4473,451,35695,60
26,1006.0,35679,2028,1801,35739,60
27,1006.0,35717,4123,5283,36497,780
28,1006.0,35794,4123,2028,36034,240
29,1005.0,35882,5759,280,35942,60
30,1006.0,35934,2199,5283,36234,300
31,1003.0,35968,2337,4123,36208,240
32,1006.0,36166,5754,5283,36346,180
33,1005.0,36235,2199,4123,36835,600
34,1006.0,36279,2199,5283,36579,300
35,1005.0,36623,1919,4123,37163,540
36,1008.0,36758,4123,5283,37538,780
37,1005.0,36785,2179,4123,37085,300
38,1005.0,36788,4459,4123,37628,840
39,1005.0,36836,2028,2337,37016,180
40,1005.0,37124,280,6378,37244,120
41,1005.0,37366,1801,2028,37426,60
42,1008.0,37686,4123,2337,37806,120
43,1005.0,37867,2337,4123,38107,240
44,1007.0,38106,6378,4521,38346,240
45,1008.0,38282,5754,4473,38762,480
46,1008.0,38283,2337,2028,38403,120
47,1010.0,38422,2337,2179,38482,60
48,1007.0,38530,2028,2337,38710,180
49,1007.0,38737,2337,4123,38977,240
50,1007.0,38739,2337,4123,38979,240
51,1010.0,38770,1919,5754,39010,240
52,1007.0,38772,4459,4521,38832,60
53,1007.0,38787,451,280,38907,120
54,1007.0,38853,5759,4521,39273,420
55,1010.0,39194,2199,4451,39614,420
56,1007.0,39528,2028,4123,39948,420
57,1009.0,39694,4473,451,39754,60
58,1009.0,39983,1237,4459,40043,60
59,1009.0,40028,451,280,40148,120
60,1009.0,40042,451,280,40162,120
61,1009.0,40334,4459,4521,40394,60
62,1012.0,40756,2199,4473,41356,600
63,1009.0,40772,2028,4123,41192,420
64,1012.0,40909,4123,4451,41809,900
65,1012.0,41019,4123,2028,41259,240
66,1012.0,41169,2199,4473,41769,600
67,1011.0,41359,280,6378,41479,120
68,1009.0,41456,2028,2337,41636,180
69,1011.0,41932,4459,5754,42052,120
70,1011.0,41958,2179,4123,42258,300
71,1012.0,42028,2028,4451,42688,660
72,1014.0,42582,4123,2337,42702,120
73,1011.0,42598,2179,2337,42658,60
74,1011.0,42611,280,6378,42731,120
75,1011.0,42731,2337,4123,42971,240
76,1013.0,42783,451,280,42903,120
77,1014.0,42839,4123,1919,43199,360
78,1014.0,42908,4123,2028,43148,240
79,1011.0,43114,5754,4123,43834,720
80,1013.0,43158,280,6378,43278,120
81,1013.0,43160,5759,4459,43520,360
82,1011.0,43334,1919,4123,43874,540
83,1011.0,43368,2337,4123,43608,240
84,1013.0,43382,451,4521,43862,480
85,1011.0,43675,2337,4123,43915,240
86,1016.0,43884,4123,4473,44964,1080
87,1014.0,43939,4603,4455,44059,120
88,1013.0,44049,1919,2337,44349,300
89,1016.0,44159,2179,5283,44759,600
90,1013.0,44389,451,4459,44809,420
91,1013.0,44406,1919,4123,44946,540
92,1016.0,44844,2337,1919,45084,240
93,1016.0,45223,4123,4521,45943,720
94,1015.0,45320,4459,4123,46160,840
95,1018.0,45493,4123,2179,45673,180
96,1015.0,45555,4473,451,45615,60
97,1018.0,45604,4123,2179,45784,180
98,1015.0,46177,4473,451,46237,60
99,1018.0,46345,4123,2337,46465,120
100,1018.0,46403,4123,4603,47243,840
101,1015.0,46676,2179,4123,46976,300
102,1015.0,46769,4521,5754,46829,60
103,1017.0,46828,4473,451,46888,60
104,1018.0,46908,4123,2337,47028,120
105,1017.0,46988,5754,2028,47288,300
106,1018.0,47004,4123,2337,47124,120
107,1018.0,47112,2199,4521,47352,240
108,1020.0,47457,4123,2199,47937,480
109,1017.0,47577,280,4123,48717,1140
110,1017.0,47586,2337,4123,47826,240
111,1017.0,47643,4473,451,47703,60
112,1017.0,47792,451,5759,47852,60
113,1020.0,47897,4123,1801,48197,300
114,1020.0,47953,4123,2028,48193,240
115,1017.0,48031,4473,451,48091,60
116,1017.0,48146,2028,4123,48566,420
117,1020.0,48267,4123,2337,48387,120
118,1020.0,48293,4123,2337,48413,120
119,1019.0,48390,5759,280,48450,60
120,1019.0,48519,280,6378,48639,120
121,1019.0,48722,4473,451,48782,60
122,1019.0,48807,4459,5754,48927,120
123,1020.0,48973,5283,4451,49093,120
124,1020.0,49058,2028,5754,49418,360
125,1019.0,49163,2179,4123,49463,300
126,1019.0,49180,4473,451,49240,60
127,1019.0,49424,4473,451,49484,60
128,1019.0,49449,4521,5754,49509,60
129,1019.0,49473,451,5759,49533,60
130,1022.0,49518,4123,1919,49878,360
131,1019.0,49588,2337,4123,49828,240
132,1022.0,49697,4123,2179,49877,180
133,1022.0,49767,4123,2337,49887,120
134,1022.0,49989,2199,5283,50289,300
135,1022.0,50034,5754,4451,50334,300
136,1019.0,50138,2028,4123,50558,420
137,1019.0,50215,2028,4123,50635,420
138,1021.0,50264,280,6378,50384,120
139,1021.0,50484,1237,4459,50544,60
140,1022.0,50600,2028,2199,50840,240
141,1021.0,50712,4473,451,50772,60
142,1022.0,50751,4123,1919,51111,360
143,1019.0,50844,2179,2337,50904,60
144,1022.0,51157,4521,5283,51217,60
145,1021.0,51325,2199,4123,51925,600
146,1024.0,51572,4123,1919,51932,360
147,1024.0,51742,4123,2179,51922,180
148,1021.0,51796,1237,4459,51856,60
149,1021.0,51851,2179,4123,52151,300
150,1023.0,52283,6378,1237,52403,120
151,1023.0,52292,1008,1801,52892,600
152,1021.0,52379,2028,2337,52559,180
153,1023.0,52584,1801,2028,52644,60
154,1023.0,52713,6378,5754,53013,300
155,1023.0,52737,5754,1919,52917,180
156,1024.0,52935,4451,4473,53115,180
157,1026.0,52948,4123,5754,53548,600
158,1026.0,52983,4123,1919,53343,360
159,1023.0,53023,280,2337,53923,900
160,1026.0,53047,4123,2337,53167,120
161,1023.0,53056,2179,4123,53356,300
162,1026.0,53084,4123,2337,53204,120
163,1026.0,53163,4123,2337,53283,120
164,1023.0,53181,280,5754,53601,420
165,1026.0,53295,1801,2199,53475,180
166,1023.0,53436,1237,4459,53496,60
167,1026.0,53473,5283,4603,53533,60
168,1023.0,53534,6378,4123,54554,1020
169,1023.0,53602,1801,2179,53782,180
170,1025.0,53644,4473,5759,53764,120
171,1026.0,53663,4123,2179,53843,180
172,1025.0,53989,4473,451,54049,60
173,1023.0,54108,2337,4123,54348,240
174,1025.0,54342,4473,5759,54462,120
175,1026.0,54623,4521,4451,54803,180
176,1026.0,54641,4451,4455,54701,60
177,1028.0,54656,4123,2179,54836,180
178,1028.0,54915,4123,2028,55155,240
179,1025.0,54916,6378,5754,55216,300
180,1028.0,54957,4123,5754,55557,600
181,1025.0,54989,4473,451,55049,60
182,1028.0,55002,4123,2337,55122,120
183,1028.0,55148,4123,2337,55268,120
184,1028.0,55629,4123,2028,55869,240
185,1028.0,55866,4123,2337,55986,120
186,1027.0,55897,451,5759,55957,60
187,1028.0,55906,4123,2199,56386,480
188,1028.0,56069,4123,2199,56549,480
189,1027.0,56095,5759,280,56155,60
190,1027.0,56130,4473,451,56190,60
191,1027.0,56230,1237,2199,56530,300
192,1027.0,56324,4459,2337,56924,600
193,1027.0,56354,4473,451,56414,60
194,1027.0,56397,5754,1919,56577,180
195,1030.0,56470,4123,1919,56830,360
196,1030.0,56858,4123,2028,57098,240
197,1030.0,57129,5283,4473,57429,300
198,1029.0,57238,4473,451,57298,60
199,1027.0,57251,4459,5754,57371,120
200,1027.0,57328,5754,4123,58048,720
201,1027.0,57357,4459,4123,58197,840
202,1030.0,57535,4123,2179,57715,180
203,1030.0,57580,4123,2028,57820,240
204,1030.0,57592,4123,2179,57772,180
205,1030.0,57792,4123,1919,58152,360
206,1029.0,57831,6378,2337,58611,780
207,1029.0,57914,1801,2179,58094,180
208,1030.0,58092,2337,2179,58152,60
209,1032.0,58100,4123,1801,58400,300
210,1029.0,58293,4459,2028,58713,420
211,1029.0,58683,4473,451,58743,60
212,1032.0,58755,4123,1919,59115,360
213,1032.0,59016,2199,5754,59136,120
214,1032.0,59074,4123,2028,59314,240
215,1029.0,59104,4459,5754,59224,120
216,1029.0,59265,2028,4123,59685,420
217,1032.0,59316,4521,5283,59376,60
218,1031.0,59317,4473,451,59377,60
219,1032.0,59339,2028,5754,59699,360
220,1032.0,59603,5754,4473,60083,480
221,1031.0,59665,1919,2337,59965,300
222,1031.0,59826,4473,451,59886,60
223,1034.0,59886,4123,5283,60666,780
224,1031.0,59901,280,6378,60021,120
225,1031.0,60025,2028,4123,60445,420
226,1034.0,60084,4123,2337,60204,120
227,1031.0,60237,4459,5754,60357,120
228,1031.0,60303,1237,4123,61203,900
229,1034.0,60346,4123,2179,60526,180
230,1034.0,60741,4123,1919,61101,360
231,1034.0,61013,4123,2179,61193,180
232,1033.0,61071,4473,451,61131,60
233,1034.0,61247,5754,5283,61427,180
234,1034.0,61351,4123,2179,61531,180
235,1034.0,61662,4123,1801,61962,300
236,1033.0,61742,2179,2337,61802,60
237,1034.0,61811,2179,2199,62111,300
238,1036.0,62045,4123,2337,62165,120
239,1036.0,62245,4123,2199,62725,480
240,1033.0,62341,280,6378,62461,120
241,1033.0,62489,280,6378,62609,120
242,1033.0,62630,2337,4123,62870,240
243,1033.0,62735,4459,5754,62855,120
244,1035.0,63029,1008,2199,63509,480
245,1035.0,63110,1008,2199,63590,480
246,1036.0,63144,5283,4451,63264,120
247,1035.0,63288,1008,2199,63768,480
248,1035.0,63482,1008,2199,63962,480
249,1035.0,64212,1008,2199,64692,480
250,1035.0,64510,1008,2199,64990,480
251,1038.0,65053,4123,2337,65173,120
252,1035.0,65198,1008,2199,65678,480
253,1035.0,65251,1008,2199,65731,480
254,1038.0,65577,4123,2028,65817,240
255,1038.0,65735,4123,2179,65915,180
256,1038.0,66368,4123,2179,66548,180
257,1038.0,67090,4123,2179,67270,180
258,1037.0,67129,4473,4123,68449,1320
259,1038.0,67395,4123,5754,67995,600
260,1037.0,67802,1237,4459,67862,60
261,1040.0,69317,4123,2179,69497,180
262,1040.0,71206,4123,4455,72166,960
263,1040.0,71230,616,2199,72010,780
264,1042.0,71834,4123,2199,72314,480
265,1039.0,71911,2028,4123,72331,420
266,1040.0,71979,5754,4451,72279,300
267,1039.0,72011,2028,4123,72431,420
268,1042.0,72046,1919,4455,72646,600
269,1042.0,72514,4123,2179,72694,180
270,1042.0,72651,2337,2028,72771,120
271,1041.0,73178,280,6378,73298,120
272,1042.0,73315,2179,4455,74095,780
273,1042.0,73345,4123,2028,73585,240
274,1042.0,73636,2337,4521,74236,600
275,1042.0,73731,4123,2179,73911,180
276,1042.0,73868,4123,2337,73988,120
277,1041.0,73976,5754,2179,74396,420
278,1042.0,74298,4123,5283,75078,780
279,1041.0,75070,4473,451,75130,60
280,1044.0,75403,4123,2199,75883,480
281,1041.0,76523,1801,4123,77003,480
282,1044.0,76762,2028,5283,77302,540
283,1043.0,78322,451,4459,78742,420
284,1043.0,78332,1919,4123,78872,540
285,1046.0,78878,616,5754,79778,900
286,1046.0,78892,616,2028,79432,540
287,1045.0,80047,5759,280,80107,60
288,1043.0,80266,2028,4123,80686,420
289,1046.0,80943,616,4123,81243,300
290,1045.0,81240,2337,4123,81480,240
291,1046.0,81976,616,4123,82276,300
292,1045.0,82270,5759,280,82330,60
293,1048.0,83735,2337,2179,83795,60
