request_id,trip_id,rq_time,start,end,bus_end_tt,bus_tt
0,1002.0,31955,1919,4455,32555,600
1,1002.0,32035,2199,4521,32275,240
2,1001.0,32435,5759,4459,32795,360
3,1001.0,32519,451,1008,32699,180
4,1002.0,32758,1919,5283,33178,420
5,1001.0,32931,5754,4123,33651,720
6,1001.0,33123,451,4123,34383,1260
7,1001.0,33416,2179,4123,33716,300
8,1001.0,33527,5754,4123,34247,720
9,1001.0,33696,1919,4123,34236,540
10,1001.0,33730,2337,4123,33970,240
11,1003.0,34107,5759,1237,34407,300
12,1003.0,34332,5759,4459,34692,360
13,1003.0,34487,451,6378,34727,240
14,1001.0,34687,2337,4123,34927,240
15,1001.0,34726,2337,4123,34966,240
16,1003.0,34752,4473,6378,35052,300
17,1003.0,35043,5759,6378,35223,180
18,1004.0,35121,5754,5283,35301,180
19,1003.0,35218,2179,2337,35278,60
20,1006.0,35229,4123,2028,35469,240
21,1006.0,35250,4123,2028,35490,240
22,1006.0,35352,5754,4603,35592,240
23,1003.0,35457,1919,2179,35697,240
24,1003.0,35535,4459,2337,36135,600
25,1003.0,35644,1237,4459,35704,60
26,1003.0,35671,2179,4123,35971,300
27,1005.0,35846,280,6378,35966,120
28,1006.0,35872,2028,4451,36532,660
29,1003.0,35972,2179,2337,36032,60
30,1006.0,36053,4123,2028,36293,240
31,1005.0,36227,4459,4521,36287,60
32,1003.0,36416,2179,2337,36476,60
33,1006.0,36503,5754,4451,36803,300
34,1006.0,36530,2028,5754,36890,360
35,1005.0,37131,5754,4123,37851,720
36,1008.0,37226,2337,2179,37286,60
37,1008.0,37368,4123,4473,38448,1080
38,1005.0,37378,2337,4123,37618,240
39,1007.0,37408,4473,451,37468,60
40,1005.0,37445,2337,4123,37685,240
41,1007.0,37465,451,6378,37705,240
42,1008.0,37469,4123,2028,37709,240
43,1007.0,37582,4473,6378,37882,300
44,1005.0,37670,2337,4123,37910,240
45,1007.0,37735,280,4459,38035,300
46,1007.0,37788,6378,4459,37968,180
47,1007.0,38117,451,6378,38357,240
48,1008.0,38149,2179,1919,38329,180
49,1005.0,38165,2337,4123,38405,240
50,1007.0,38370,2199,2337,38730,360
51,1007.0,38382,2179,4123,38682,300
52,1007.0,38396,451,6378,38636,240
53,1008.0,38417,5754,5283,38597,180
54,1007.0,38500,2179,4123,38800,300
55,1010.0,38510,2337,5283,39170,660
56,1010.0,38981,1919,4451,39521,540
57,1007.0,39023,5754,4123,39743,720
58,1007.0,39149,280,4123,40289,1140
59,1010.0,39211,2199,4451,39631,420
60,1009.0,39471,6378,1237,39591,120
61,1009.0,39535,280,6378,39655,120
62,1009.0,39543,4473,451,39603,60
63,1010.0,39555,2337,2028,39675,120
64,1010.0,39777,4123,2337,39897,120
65,1010.0,39790,2028,4451,40450,660
66,1007.0,39806,2179,4123,40106,300
67,1009.0,40022,451,5759,40082,60
68,1007.0,40028,2179,4123,40328,300
69,1009.0,40220,2028,4123,40640,420
70,1010.0,40461,2199,5283,40761,300
71,1012.0,40547,4123,2337,40667,120
72,1009.0,40932,2337,4123,41172,240
73,1009.0,41319,2337,4123,41559,240
74,1009.0,41471,1801,2028,41531,60
75,1012.0,41667,5283,4603,41727,60
76,1011.0,41721,5754,2199,41841,120
77,1012.0,41860,4123,4451,42760,900
78,1011.0,41901,451,280,42021,120
79,1011.0,41998,4521,5754,42058,60
80,1011.0,42003,4473,451,42063,60
81,1011.0,42021,4459,4521,42081,60
82,1014.0,42037,4123,2028,42277,240
83,1011.0,42051,2337,4123,42291,240
84,1011.0,42148,2199,4123,42748,600
85,1011.0,42210,4473,451,42270,60
86,1011.0,42389,4459,2199,42629,240
87,1011.0,42410,280,1008,42470,60
88,1011.0,42561,1237,4459,42621,60
89,1011.0,42608,2337,4123,42848,240
90,1011.0,42616,4473,451,42676,60
91,1011.0,42889,2179,4123,43189,300
92,1014.0,42907,4603,4451,42967,60
93,1011.0,42991,4459,5754,43111,120
94,1011.0,43006,2028,2337,43186,180
95,1011.0,43035,2028,4123,43455,420
96,1013.0,43063,451,5759,43123,60
97,1013.0,43414,451,280,43534,120
98,1014.0,43478,4603,4473,43718,240
99,1013.0,43481,1237,4459,43541,60
100,1014.0,43708,5754,5283,43888,180
101,1016.0,44207,4123,2337,44327,120
102,1016.0,44565,4123,2179,44745,180
103,1013.0,44608,280,1237,44848,240
104,1015.0,44620,4473,451,44680,60
105,1016.0,44783,4123,2028,45023,240
106,1013.0,44794,2337,4123,45034,240
107,1016.0,44862,4123,4521,45582,720
108,1016.0,44883,5283,4451,45003,120
109,1013.0,44889,2179,4123,45189,300
110,1016.0,44895,2337,2028,45015,120
111,1015.0,44900,280,6378,45020,120
112,1016.0,44933,2337,2028,45053,120
113,1015.0,44981,6378,4459,45161,180
114,1016.0,44993,1919,4451,45533,540
115,1013.0,45145,2337,4123,45385,240
116,1015.0,45239,5754,2337,45719,480
117,1016.0,45261,4123,2028,45501,240
118,1016.0,45302,4123,1919,45662,360
119,1015.0,45785,2337,4123,46025,240
120,1016.0,45834,5283,4451,45954,120
121,1018.0,45864,4123,2179,46044,180
122,1015.0,45921,2337,4123,46161,240
123,1015.0,46106,4521,4123,46886,780
124,1015.0,46161,5754,2199,46281,120
125,1018.0,46251,4123,4451,47151,900
126,1015.0,46376,4521,5754,46436,60
127,1015.0,46557,1919,4123,47097,540
128,1017.0,46639,280,2028,47359,720
129,1018.0,46645,2199,4473,47245,600
130,1018.0,46756,4123,2337,46876,120
131,1015.0,46840,2028,4123,47260,420
132,1017.0,47107,451,5759,47167,60
133,1017.0,47263,451,280,47383,120
134,1017.0,47357,4473,451,47417,60
135,1018.0,47408,2028,4451,48068,660
136,1017.0,47409,451,1237,47769,360
137,1017.0,47558,280,6378,47678,120
138,1020.0,47752,4123,2028,47992,240
139,1020.0,48021,4123,1919,48381,360
140,1020.0,48140,4123,2028,48380,240
141,1019.0,48290,4473,451,48350,60
142,1019.0,48316,4473,5759,48436,120
143,1020.0,48343,4123,2337,48463,120
144,1020.0,48412,5754,5283,48592,180
145,1019.0,48539,280,6378,48659,120
146,1020.0,48761,4123,2179,48941,180
147,1020.0,48877,4123,4455,49837,960
148,1020.0,48933,4123,2179,49113,180
149,1019.0,49061,5754,2179,49481,420
150,1022.0,49200,4123,1919,49560,360
151,1022.0,49276,4123,2337,49396,120
152,1020.0,49366,5283,4451,49486,120
153,1022.0,49376,4123,5283,50156,780
154,1022.0,49402,4123,4603,50242,840
155,1019.0,49504,2199,4123,50104,600
156,1019.0,49677,4459,5754,49797,120
157,1019.0,49706,4473,451,49766,60
158,1022.0,49780,1801,4521,50200,420
159,1019.0,49876,2028,4123,50296,420
160,1022.0,49981,5283,4451,50101,120
161,1022.0,49986,2179,2028,50046,60
162,1019.0,50034,6378,4459,50214,180
163,1019.0,50289,1801,2179,50469,180
164,1022.0,50353,4123,2199,50833,480
165,1019.0,50416,1919,2337,50716,300
166,1019.0,50421,2028,4123,50841,420
167,1019.0,50452,2179,4123,50752,300
168,1019.0,50499,2028,4123,50919,420
169,1022.0,50582,1801,1919,50642,60
170,1022.0,50635,4123,2337,50755,120
171,1022.0,50775,4123,4521,51495,720
172,1022.0,50831,2028,5283,51371,540
173,1022.0,50875,4123,2179,51055,180
174,1021.0,50957,2337,4123,51197,240
175,1021.0,50971,2028,2179,51091,120
176,1022.0,51107,2028,1801,51167,60
177,1024.0,51155,4123,1801,51455,300
178,1024.0,51358,4123,1919,51718,360
179,1024.0,51404,1801,5283,51884,480
180,1021.0,51442,6378,1237,51562,120
181,1024.0,51623,1801,4451,52223,600
182,1024.0,51788,4123,2179,51968,180
183,1024.0,51943,2337,4451,52723,780
184,1021.0,52048,4521,2199,52228,180
185,1023.0,52179,451,5759,52239,60
186,1024.0,52189,2337,5283,52849,660
187,1024.0,52316,5283,4451,52436,120
188,1024.0,52340,5754,5283,52520,180
189,1024.0,52404,2179,4521,52944,540
190,1024.0,52467,2179,2028,52527,60
191,1023.0,52527,1801,2028,52587,60
192,1024.0,52555,2199,5283,52855,300
193,1024.0,52658,4123,1919,53018,360
194,1023.0,52735,1919,2179,52975,240
195,1024.0,52767,5283,4451,52887,120
196,1024.0,52770,2199,5754,52890,120
197,1023.0,52778,5754,4123,53498,720
198,1023.0,52907,2179,4123,53207,300
199,1024.0,52914,5754,4473,53394,480
200,1023.0,52922,2199,2179,53222,300
201,1026.0,53137,4123,2199,53617,480
202,1023.0,53336,4521,2199,53516,180
203,1026.0,53345,4123,2337,53465,120
204,1023.0,53350,1801,4123,53830,480
205,1026.0,53423,4123,2199,53903,480
206,1026.0,53511,4123,2337,53631,120
207,1026.0,53566,1801,1919,53626,60
208,1026.0,53616,4123,5754,54216,600
209,1026.0,53654,4123,2179,53834,180
210,1026.0,53671,4123,1801,53971,300
211,1026.0,53742,4123,2337,53862,120
212,1023.0,53791,4459,5754,53911,120
213,1023.0,53890,4459,2179,54430,540
214,1026.0,53900,4123,2199,54380,480
215,1023.0,53956,4521,1801,54256,300
216,1023.0,53973,2028,2179,54093,120
217,1026.0,54107,5754,4451,54407,300
218,1023.0,54145,1801,2028,54205,60
219,1025.0,54205,4459,2199,54445,240
220,1025.0,54289,4473,451,54349,60
221,1026.0,54402,2337,2199,54762,360
222,1025.0,54571,2028,2179,54691,120
223,1028.0,54599,4123,2199,55079,480
224,1028.0,54733,4123,5754,55333,600
225,1025.0,54801,5754,2199,54921,120
226,1028.0,54893,1919,2199,55013,120
227,1028.0,55119,4123,2028,55359,240
228,1028.0,55155,1919,5283,55575,420
229,1028.0,55227,4123,2028,55467,240
230,1028.0,55302,4123,1919,55662,360
231,1028.0,55315,4123,5283,56095,780
232,1028.0,55399,4123,5283,56179,780
233,1025.0,55511,6378,4123,56531,1020
234,1028.0,55525,4123,2028,55765,240
235,1028.0,55550,2028,2199,55790,240
236,1028.0,55606,4123,1919,55966,360
237,1025.0,55716,4459,1801,56076,360
238,1025.0,55818,2337,4123,56058,240
239,1028.0,55834,4123,2028,56074,240
240,1027.0,55890,1237,4459,55950,60
241,1028.0,55901,4123,2337,56021,120
242,1028.0,55988,4123,2179,56168,180
243,1028.0,56102,5754,4521,56222,120
244,1028.0,56114,5283,4451,56234,120
245,1028.0,56124,4123,1919,56484,360
246,1028.0,56160,4123,2337,56280,120
247,1027.0,56164,1237,4459,56224,60
248,1027.0,56236,4521,2199,56416,180
249,1027.0,56253,2199,2028,56433,180
250,1027.0,56354,6378,5754,56654,300
251,1030.0,56405,4123,2179,56585,180
252,1027.0,56630,1919,2337,56930,300
253,1030.0,56737,4123,5283,57517,780
254,1027.0,56808,1801,2028,56868,60
255,1027.0,56813,4473,451,56873,60
256,1030.0,56996,4123,4451,57896,900
257,1030.0,57008,2337,5754,57488,480
258,1027.0,57069,1237,4459,57129,60
259,1030.0,57133,4123,5754,57733,600
260,1030.0,57143,4123,5283,57923,780
261,1030.0,57171,2337,2179,57231,60
262,1030.0,57195,4123,5754,57795,600
263,1029.0,57269,4473,451,57329,60
264,1030.0,57279,4123,2028,57519,240
265,1029.0,57466,4473,451,57526,60
266,1030.0,57574,4123,2028,57814,240
267,1029.0,57811,4521,5754,57871,60
268,1029.0,57817,4521,4123,58597,780
269,1030.0,57841,4123,2337,57961,120
270,1027.0,57908,2028,2337,58088,180
271,1030.0,57992,4123,2337,58112,120
272,1029.0,58173,4459,5754,58293,120
273,1029.0,58195,4459,2199,58435,240
274,1032.0,58505,4123,2199,58985,480
275,1029.0,58703,4459,5754,58823,120
276,1032.0,58740,4123,2179,58920,180
277,1031.0,59016,4473,451,59076,60
278,1031.0,59135,5759,280,59195,60
279,1029.0,59196,1237,4123,60096,900
280,1029.0,59496,1801,2028,59556,60
281,1032.0,59569,4123,2337,59689,120
282,1032.0,59782,4123,2199,60262,480
283,1032.0,59801,4123,4521,60521,720
284,1031.0,59884,4473,5759,60004,120
285,1031.0,59967,6378,1237,60087,120
286,1032.0,59974,1801,4455,60634,660
287,1031.0,60107,451,5759,60167,60
288,1034.0,60116,4123,2337,60236,120
289,1031.0,60121,4521,5754,60181,60
290,1034.0,60150,2337,4521,60750,600
291,1034.0,60199,4123,2028,60439,240
292,1031.0,60254,5754,2337,60734,480
293,1031.0,60633,4459,5754,60753,120
294,1031.0,60799,2179,4123,61099,300
295,1034.0,60852,4123,2337,60972,120
296,1031.0,60872,4459,2179,61412,540
297,1034.0,60880,4123,2337,61000,120
298,1031.0,60931,2028,2179,61051,120
299,1034.0,61252,2179,2028,61312,60
300,1033.0,61255,280,6378,61375,120
301,1034.0,61502,4123,1919,61862,360
302,1033.0,61532,1237,4459,61592,60
303,1034.0,61641,4123,2337,61761,120
304,1033.0,62501,6378,1237,62621,120
305,1035.0,62796,1008,2199,63276,480
306,1033.0,62802,2179,4123,63102,300
307,1033.0,62817,2028,4123,63237,420
308,1033.0,63089,1919,2179,63329,240
309,1036.0,63132,4123,4473,64212,1080
310,1035.0,63202,1008,2199,63682,480
311,1036.0,63402,4123,2179,63582,180
312,1036.0,63406,4123,2179,63586,180
313,1035.0,63499,1008,2199,63979,480
314,1035.0,63842,2337,4123,64082,240
315,1036.0,63941,5754,5283,64121,180
316,1036.0,63986,4123,2179,64166,180
317,1036.0,64009,4123,2179,64189,180
318,1036.0,64021,4123,2337,64141,120
319,1035.0,64058,5754,4123,64778,720
320,1036.0,64366,5754,5283,64546,180
321,1035.0,64981,4459,2337,65581,600
322,1035.0,64997,1008,2199,65477,480
323,1038.0,65039,4123,2179,65219,180
324,1038.0,65071,4123,4521,65791,720
325,1035.0,65139,1008,2199,65619,480
326,1038.0,65321,4123,2028,65561,240
327,1037.0,66122,1237,4459,66182,60
328,1037.0,66156,2028,4123,66576,420
329,1038.0,66916,4123,2337,67036,120
330,1037.0,66973,4473,451,67033,60
331,1038.0,67797,4123,2179,67977,180
332,1038.0,67814,4123,2028,68054,240
333,1037.0,68537,2028,4123,68957,420
334,1040.0,69081,4123,2337,69201,120
335,1040.0,69223,4123,2199,69703,480
336,1040.0,69499,2337,2179,69559,60
337,1040.0,69655,4123,2199,70135,480
338,1040.0,69756,4123,2179,69936,180
339,1040.0,70014,2337,2179,70074,60
340,1039.0,71165,5754,1919,71345,180
341,1039.0,71443,4459,5754,71563,120
342,1042.0,71854,4123,1919,72214,360
343,1039.0,72187,451,5759,72247,60
344,1041.0,72568,280,4459,72868,300
345,1042.0,73350,5283,4473,73650,300
346,1041.0,73617,280,4459,73917,300
347,1042.0,74041,4123,1919,74401,360
348,1042.0,74237,616,4123,74537,300
349,1041.0,74599,4473,451,74659,60
350,1041.0,74694,2179,4123,74994,300
351,1041.0,75026,2028,4123,75446,420
352,1041.0,75533,4473,451,75593,60
353,1041.0,76363,4521,5754,76423,60
354,1043.0,76853,4459,5754,76973,120
355,1043.0,77583,280,1919,78183,600
356,1044.0,78166,616,2179,78646,480
357,1044.0,78863,4521,5283,78923,60
358,1046.0,79308,4123,2179,79488,180
359,1046.0,79363,4123,2337,79483,120
360,1046.0,80657,4123,2028,80897,240
361,1045.0,81575,5759,280,81635,60
362,1046.0,81638,4123,2179,81818,180
363,1046.0,81979,4123,2028,82219,240
364,1045.0,82096,4459,2199,82336,240
365,1045.0,83250,5759,280,83310,60
366,1048.0,83708,616,2199,84488,780
