request_id,trip_id,rq_time,start,end,bus_end_tt,bus_tt
0,1001.0,32003,451,4459,32423,420
1,1001.0,32084,280,2179,32924,840
2,1002.0,32102,2337,2179,32162,60
3,1002.0,32286,2199,5283,32586,300
4,1002.0,32293,2199,4455,32773,480
5,1002.0,32401,2199,4473,33001,600
6,1001.0,32611,1008,5754,32971,360
7,1002.0,32618,1919,5283,33038,420
8,1001.0,32751,280,5754,33171,420
9,1002.0,32956,5754,5283,33136,180
10,1004.0,33032,4123,2179,33212,180
11,1002.0,33103,2199,5283,33403,300
12,1001.0,33148,2199,4123,33748,600
13,1001.0,33156,1801,4123,33636,480
14,1004.0,33201,4123,5283,33981,780
15,1002.0,33272,5754,5283,33452,180
16,1001.0,33374,5754,4123,34094,720
17,1001.0,33399,1919,4123,33939,540
18,1001.0,33553,2028,4123,33973,420
19,1003.0,33885,4473,451,33945,60
20,1001.0,34060,1919,4123,34600,540
21,1001.0,34188,2179,4123,34488,300
22,1001.0,34239,1919,4123,34779,540
23,1001.0,34270,2337,4123,34510,240
24,1003.0,34284,6378,4459,34464,180
25,1001.0,34310,2179,4123,34610,300
26,1001.0,34467,2179,4123,34767,300
27,1004.0,34513,1801,5283,34993,480
28,1004.0,34644,4123,4451,35544,900
29,1004.0,34733,1919,5283,35153,420
30,1004.0,34947,4603,4473,35187,240
31,1003.0,35080,2179,4123,35380,300
32,1006.0,35185,4123,2028,35425,240
33,1003.0,35409,5759,4459,35769,360
34,1003.0,35468,451,6378,35708,240
35,1006.0,35945,4123,2337,36065,120
36,1006.0,36017,4123,2028,36257,240
37,1006.0,36131,5754,5283,36311,180
38,1005.0,36174,4473,451,36234,60
39,1006.0,36194,1919,4473,36914,720
40,1006.0,36258,2179,1919,36438,180
41,1005.0,36509,1801,2028,36569,60
42,1008.0,36923,4123,2179,37103,180
43,1005.0,36970,2179,4123,37270,300
44,1005.0,36989,2028,4123,37409,420
45,1008.0,37026,4123,2179,37206,180
46,1005.0,37068,5759,280,37128,60
47,1008.0,37127,2028,4451,37787,660
48,1005.0,37233,5759,280,37293,60
49,1005.0,37280,280,6378,37400,120
50,1005.0,37282,1919,2337,37582,300
51,1005.0,37322,1919,4123,37862,540
52,1008.0,37416,4123,2199,37896,480
53,1008.0,37660,4521,5283,37720,60
54,1007.0,37875,4459,4521,37935,60
55,1005.0,37965,1919,4123,38505,540
56,1008.0,37997,2337,2028,38117,120
57,1008.0,38037,2028,5283,38577,540
58,1005.0,38279,2337,4123,38519,240
59,1007.0,38330,1919,4123,38870,540
60,1007.0,38645,2337,4123,38885,240
61,1007.0,38803,2028,4123,39223,420
62,1008.0,38837,5283,4603,38897,60
63,1007.0,39163,280,6378,39283,120
64,1007.0,39605,2337,4123,39845,240
65,1007.0,39612,1919,4123,40152,540
66,1009.0,39783,4459,5754,39903,120
67,1009.0,39910,4521,4123,40690,780
68,1010.0,40042,4521,4473,40402,360
69,1007.0,40082,2337,4123,40322,240
70,1009.0,40139,2179,4123,40439,300
71,1010.0,40157,4603,4473,40397,240
72,1009.0,40205,5754,2028,40505,300
73,1010.0,40257,2199,4451,40677,420
74,1009.0,40301,5754,2199,40421,120
75,1010.0,40332,5283,4451,40452,120
76,1012.0,40523,4123,4451,41423,900
77,1009.0,40651,2028,4123,41071,420
78,1012.0,40703,2199,4451,41123,420
79,1010.0,40813,5283,4451,40933,120
80,1012.0,40826,2028,5754,41186,360
81,1009.0,40896,5754,1801,41136,240
82,1012.0,40980,5754,5283,41160,180
83,1012.0,41340,4521,5283,41400,60
84,1011.0,41442,4459,5754,41562,120
85,1011.0,41448,280,1008,41508,60
86,1011.0,41479,6378,4521,41719,240
87,1011.0,41524,451,1008,41704,180
88,1011.0,41537,451,280,41657,120
89,1009.0,41648,1801,4123,42128,480
90,1011.0,41746,451,280,41866,120
91,1011.0,41752,451,5759,41812,60
92,1011.0,41813,2199,4123,42413,600
93,1012.0,41817,4123,4451,42717,900
94,1012.0,41873,4123,4451,42773,900
95,1011.0,42114,4473,451,42174,60
96,1012.0,42182,5754,4451,42482,300
97,1011.0,42294,451,5759,42354,60
98,1011.0,42374,2337,4123,42614,240
99,1011.0,42431,2028,4123,42851,420
100,1011.0,42523,6378,4521,42763,240
101,1011.0,42649,280,6378,42769,120
102,1014.0,43208,1919,4451,43748,540
103,1014.0,43216,4123,5754,43816,600
104,1011.0,43424,1801,4123,43904,480
105,1013.0,43441,1919,4123,43981,540
106,1014.0,43503,4123,2028,43743,240
107,1013.0,43838,4473,451,43898,60
108,1013.0,43852,280,4123,44992,1140
109,1013.0,43909,5759,4459,44269,360
110,1013.0,44079,451,280,44199,120
111,1016.0,44082,4123,2028,44322,240
112,1016.0,44184,2199,5283,44484,300
113,1016.0,44358,4123,1919,44718,360
114,1016.0,44392,4123,1801,44692,300
115,1016.0,44423,4123,2028,44663,240
116,1016.0,44462,4123,2028,44702,240
117,1013.0,44482,6378,4123,45502,1020
118,1013.0,44548,6378,4459,44728,180
119,1016.0,44590,2199,4451,45010,420
120,1013.0,44621,1919,2337,44921,300
121,1013.0,44771,5754,1801,45011,240
122,1016.0,44785,2199,5283,45085,300
123,1015.0,44983,4473,451,45043,60
124,1013.0,45059,5754,4123,45779,720
125,1015.0,45084,4459,4521,45144,60
126,1013.0,45098,2179,4123,45398,300
127,1015.0,45133,280,6378,45253,120
128,1016.0,45142,4123,4455,46102,960
129,1016.0,45260,4123,2028,45500,240
130,1015.0,45363,451,5759,45423,60
131,1015.0,45394,6378,4459,45574,180
132,1016.0,45440,5754,4473,45920,480
133,1016.0,45447,2199,4451,45867,420
134,1016.0,45532,5754,5283,45712,180
135,1015.0,45668,6378,5754,45968,300
136,1018.0,45700,4123,2337,45820,120
137,1018.0,45701,4123,2028,45941,240
138,1016.0,45757,5283,4603,45817,60
139,1018.0,45829,4123,2179,46009,180
140,1015.0,45972,4521,2337,46512,540
141,1018.0,46093,4123,2179,46273,180
142,1018.0,46217,4123,1919,46577,360
143,1018.0,46359,5754,4451,46659,300
144,1017.0,46492,4473,451,46552,60
145,1018.0,46518,5754,5283,46698,180
146,1015.0,46761,1919,4123,47301,540
147,1018.0,46799,5754,4521,46919,120
148,1015.0,46817,5754,2199,46937,120
149,1015.0,46868,1919,4123,47408,540
150,1018.0,47033,4123,2179,47213,180
151,1018.0,47041,4123,5283,47821,780
152,1017.0,47109,5754,4123,47829,720
153,1018.0,47133,2028,4451,47793,660
154,1018.0,47199,2179,2028,47259,60
155,1020.0,47326,4123,2179,47506,180
156,1017.0,47365,451,280,47485,120
157,1017.0,47465,451,5759,47525,60
158,1020.0,47563,4123,2337,47683,120
159,1020.0,47597,4123,2337,47717,120
160,1017.0,47606,451,5759,47666,60
161,1017.0,47811,2179,4123,48111,300
162,1020.0,47811,4123,2028,48051,240
163,1017.0,47979,1919,4123,48519,540
164,1017.0,48001,1919,4123,48541,540
165,1017.0,48024,451,1237,48384,360
166,1020.0,48122,4123,2028,48362,240
167,1020.0,48191,2028,4603,48791,600
168,1020.0,48335,4123,5754,48935,600
169,1020.0,48345,4123,1919,48705,360
170,1020.0,48445,4123,2028,48685,240
171,1019.0,48604,4521,5754,48664,60
172,1019.0,48635,451,280,48755,120
173,1020.0,48692,4123,1919,49052,360
174,1019.0,48784,4473,451,48844,60
175,1020.0,48915,2199,4603,49275,360
176,1019.0,48966,280,6378,49086,120
177,1022.0,49114,4123,2179,49294,180
178,1022.0,49191,4123,2337,49311,120
179,1019.0,49200,280,6378,49320,120
180,1019.0,49299,2028,4123,49719,420
181,1019.0,49330,2337,4123,49570,240
182,1019.0,49331,1237,4459,49391,60
183,1019.0,49386,4521,2179,49866,480
184,1019.0,49434,4521,5754,49494,60
185,1019.0,49498,280,1008,49558,60
186,1022.0,49549,4123,5283,50329,780
187,1020.0,49660,4521,5283,49720,60
188,1022.0,49772,2179,1919,49952,180
189,1019.0,49799,4473,451,49859,60
190,1022.0,49826,4123,2337,49946,120
191,1022.0,49885,2337,5283,50545,660
192,1019.0,49937,280,1008,49997,60
193,1022.0,49949,4123,2199,50429,480
194,1022.0,50035,5754,5283,50215,180
195,1021.0,50302,280,6378,50422,120
196,1022.0,50400,2199,4451,50820,420
197,1022.0,50488,1919,2199,50608,120
198,1022.0,50574,5283,4451,50694,120
199,1019.0,50650,2179,2337,50710,60
200,1022.0,50714,4123,4521,51434,720
201,1022.0,50732,4123,2179,50912,180
202,1021.0,50738,1237,4459,50798,60
203,1022.0,50768,2028,1919,50888,120
204,1024.0,51058,4123,2179,51238,180
205,1021.0,51199,4459,5754,51319,120
206,1021.0,51210,451,280,51330,120
207,1021.0,51321,5759,280,51381,60
208,1021.0,51520,4521,4123,52300,780
209,1024.0,51642,4123,1919,52002,360
210,1024.0,51819,4123,4451,52719,900
211,1024.0,51953,4123,4451,52853,900
212,1024.0,52142,4123,2199,52622,480
213,1023.0,52156,280,4459,52456,300
214,1023.0,52481,451,5759,52541,60
215,1023.0,52513,6378,4123,53533,1020
216,1024.0,52673,2179,1919,52853,180
217,1023.0,52680,6378,4459,52860,180
218,1026.0,52826,4123,2179,53006,180
219,1026.0,53053,4123,2179,53233,180
220,1023.0,53200,4521,4123,53980,780
221,1023.0,53214,5754,4123,53934,720
222,1023.0,53410,2179,4123,53710,300
223,1023.0,53455,6378,4521,53695,240
224,1023.0,53493,2179,4123,53793,300
225,1023.0,53550,2028,2337,53730,180
226,1025.0,53578,4473,451,53638,60
227,1023.0,53601,1237,5754,53781,180
228,1026.0,53625,4123,5754,54225,600
229,1026.0,53696,4521,4455,53936,240
230,1023.0,53755,2337,4123,53995,240
231,1026.0,53793,4123,2179,53973,180
232,1026.0,53797,4123,2179,53977,180
233,1023.0,53932,2028,2337,54112,180
234,1023.0,54082,2337,4123,54322,240
235,1026.0,54098,4123,1801,54398,300
236,1026.0,54103,2179,1919,54283,180
237,1025.0,54201,451,5759,54261,60
238,1026.0,54297,4123,2199,54777,480
239,1025.0,54368,4473,451,54428,60
240,1028.0,54492,4123,2337,54612,120
241,1025.0,54514,4459,4123,55354,840
242,1026.0,54794,4521,5283,54854,60
243,1028.0,54812,4123,2179,54992,180
244,1028.0,54824,4123,2199,55304,480
245,1026.0,54973,5283,4473,55273,300
246,1025.0,54978,1919,1801,55038,60
247,1025.0,55143,6378,5754,55443,300
248,1025.0,55263,4459,1801,55623,360
249,1028.0,55317,4123,2179,55497,180
250,1028.0,55351,5283,4455,55531,180
251,1028.0,55557,4123,2179,55737,180
252,1027.0,55558,4473,451,55618,60
253,1025.0,55597,1801,2028,55657,60
254,1028.0,55637,5283,4451,55757,120
255,1027.0,55644,6378,1919,56124,480
256,1025.0,55765,2028,4123,56185,420
257,1028.0,55879,1919,2199,55999,120
258,1028.0,55923,2337,2028,56043,120
259,1027.0,55948,5759,280,56008,60
260,1028.0,56104,4123,2179,56284,180
261,1028.0,56174,4123,1919,56534,360
262,1027.0,56246,2028,2179,56366,120
263,1028.0,56275,4123,2337,56395,120
264,1030.0,56305,4123,2337,56425,120
265,1027.0,56526,4521,5754,56586,60
266,1030.0,56529,4123,2179,56709,180
267,1027.0,56627,2179,4123,56927,300
268,1027.0,56766,6378,2028,57366,600
269,1030.0,56837,4123,2028,57077,240
270,1027.0,56865,2028,4123,57285,420
271,1030.0,56921,2337,2179,56981,60
272,1027.0,57046,2179,2337,57106,60
273,1030.0,57056,4123,2028,57296,240
274,1027.0,57107,2028,2179,57227,120
275,1027.0,57249,1801,2179,57429,180
276,1030.0,57495,4123,2179,57675,180
277,1030.0,57631,4123,2179,57811,180
278,1029.0,58114,5754,4123,58834,720
279,1029.0,58230,4459,2337,58830,600
280,1029.0,58331,2337,4123,58571,240
281,1029.0,58444,2028,4123,58864,420
282,1029.0,58604,6378,4459,58784,180
283,1032.0,58645,4123,1919,59005,360
284,1032.0,58668,4123,1919,59028,360
285,1032.0,58700,4123,2179,58880,180
286,1029.0,58840,4521,4123,59620,780
287,1029.0,58876,2028,2179,58996,120
288,1032.0,59198,5754,4521,59318,120
289,1032.0,59214,5754,5283,59394,180
290,1029.0,59275,5754,4123,59995,720
291,1029.0,59344,2028,2337,59524,180
292,1031.0,59448,4473,5759,59568,120
293,1034.0,60081,4123,2028,60321,240
294,1034.0,60513,4123,2179,60693,180
295,1034.0,60691,4123,2337,60811,120
296,1034.0,60833,4123,2179,61013,180
297,1031.0,60967,1237,4459,61027,60
298,1031.0,60969,2028,4123,61389,420
299,1034.0,60977,4123,4521,61697,720
300,1033.0,61011,6378,1237,61131,120
301,1034.0,61051,2179,4603,61711,660
302,1034.0,61388,4123,2179,61568,180
303,1034.0,61601,4123,2337,61721,120
304,1036.0,61822,4123,2337,61942,120
305,1033.0,61895,2337,4123,62135,240
306,1033.0,62230,5754,4123,62950,720
307,1033.0,62335,1237,4459,62395,60
308,1033.0,62359,4459,5754,62479,120
309,1033.0,62392,451,5759,62452,60
310,1036.0,62420,4123,2179,62600,180
311,1036.0,62767,2199,4455,63247,480
312,1033.0,62908,2028,2337,63088,180
313,1036.0,62944,1801,2199,63124,180
314,1035.0,62989,1008,2199,63469,480
315,1035.0,63135,5754,2199,63255,120
316,1036.0,63458,4123,2179,63638,180
317,1035.0,64373,4459,4123,65213,840
318,1035.0,65174,2028,4123,65594,420
319,1035.0,65248,1008,2199,65728,480
320,1038.0,65549,4123,1919,65909,360
321,1035.0,65697,1919,4123,66237,540
322,1038.0,65783,4123,2179,65963,180
323,1037.0,66054,451,4123,67314,1260
324,1037.0,66721,451,4123,67981,1260
325,1037.0,66891,1237,4459,66951,60
326,1038.0,66990,4123,2199,67470,480
327,1038.0,67225,4123,2337,67345,120
328,1037.0,67310,2028,4123,67730,420
329,1038.0,67566,4123,2337,67686,120
330,1037.0,67714,2028,4123,68134,420
331,1037.0,68659,1237,4459,68719,60
332,1040.0,68745,4123,2199,69225,480
333,1040.0,68874,2179,2199,69174,300
334,1039.0,68895,451,5759,68955,60
335,1037.0,68926,2199,4123,69526,600
336,1039.0,68995,5759,280,69055,60
337,1040.0,69178,2337,5754,69658,480
338,1040.0,69345,4123,5754,69945,600
339,1040.0,69891,4123,2199,70371,480
340,1040.0,69978,2028,4451,70638,660
341,1039.0,70263,4473,451,70323,60
342,1039.0,70615,4473,451,70675,60
343,1039.0,70882,2028,4123,71302,420
344,1040.0,71032,4123,5283,71812,780
345,1039.0,71460,2028,4123,71880,420
346,1039.0,71683,6378,4459,71863,180
347,1042.0,72213,2028,1919,72333,120
348,1042.0,72550,4123,5754,73150,600
349,1042.0,72893,4123,5283,73673,780
350,1041.0,73234,1801,4123,73714,480
351,1042.0,73668,4123,1801,73968,300
352,1042.0,74262,4123,2337,74382,120
353,1041.0,74594,6378,2179,75314,720
354,1042.0,75039,4123,2028,75279,240
355,1042.0,75128,2337,2179,75188,60
356,1044.0,75198,4123,1919,75558,360
357,1041.0,75688,4473,451,75748,60
358,1041.0,76148,4459,4123,76988,840
359,1044.0,76236,4123,4603,77076,840
360,1043.0,79010,2199,4123,79610,600
361,1043.0,79056,280,5754,79476,420
362,1045.0,80869,280,2179,81709,840
363,1045.0,83844,2179,4123,84144,300
364,1048.0,84670,4123,4603,85510,840
365,1048.0,85638,4521,4603,85758,120
366,1048.0,86182,5283,4473,86482,300
