request_id,trip_id,rq_time,start,end,bus_end_tt,bus_tt
0,1002.0,31223,4123,2028,31463,240
1,1002.0,31470,2179,2028,31530,60
2,1002.0,31484,1919,5283,31904,420
3,1002.0,31514,4123,2337,31634,120
4,1002.0,31839,1801,5283,32319,480
5,1001.0,32309,451,280,32429,120
6,1001.0,32398,4473,451,32458,60
7,1002.0,32461,4603,4473,32701,240
8,1002.0,32565,2199,4451,32985,420
9,1002.0,32700,4123,5283,33480,780
10,1002.0,32836,1919,5283,33256,420
11,1001.0,33395,5754,2199,33515,120
12,1004.0,33661,2199,4473,34261,600
13,1004.0,33938,2179,5283,34538,600
14,1001.0,34214,5754,4123,34934,720
15,1004.0,34637,2028,5283,35177,540
16,1003.0,34868,2199,2179,35168,300
17,1006.0,35180,2199,5283,35480,300
18,1003.0,35237,5759,280,35297,60
19,1006.0,35379,4123,2028,35619,240
20,1003.0,35781,5754,4123,36501,720
21,1006.0,35968,2028,4521,36448,480
22,1005.0,36124,4459,4521,36184,60
23,1005.0,36465,5754,2199,36585,120
24,1006.0,36643,2199,5283,36943,300
25,1005.0,36839,5759,280,36899,60
26,1005.0,37026,5754,4123,37746,720
27,1008.0,37347,4123,2028,37587,240
28,1008.0,37941,2179,5283,38541,600
29,1007.0,38406,1801,4123,38886,480
30,1007.0,38416,6378,4459,38596,180
31,1007.0,38471,2337,4123,38711,240
32,1010.0,38813,4123,2179,38993,180
33,1007.0,39049,6378,4459,39229,180
34,1007.0,39155,4521,4123,39935,780
35,1007.0,39219,2028,2337,39399,180
36,1010.0,39650,2179,5283,40250,600
37,1007.0,39800,1919,4123,40340,540
38,1009.0,39884,451,280,40004,120
39,1007.0,40052,2179,4123,40352,300
40,1009.0,40179,2179,4123,40479,300
41,1010.0,40192,1919,5754,40432,240
42,1009.0,40445,2179,4123,40745,300
43,1009.0,40559,2179,4123,40859,300
44,1009.0,40562,4521,4123,41342,780
45,1009.0,40609,1919,4123,41149,540
46,1009.0,40715,1919,4123,41255,540
47,1012.0,40764,1801,4603,41304,540
48,1009.0,40806,2199,4123,41406,600
49,1009.0,41422,2179,4123,41722,300
50,1012.0,41426,2028,5283,41966,540
51,1011.0,41650,1237,4521,41770,120
52,1011.0,41658,1237,4459,41718,60
53,1012.0,41839,4521,4451,42019,180
54,1011.0,41910,451,280,42030,120
55,1011.0,41968,2337,4123,42208,240
56,1012.0,41983,5283,4473,42283,300
57,1011.0,42288,1919,4123,42828,540
58,1014.0,42651,4123,2028,42891,240
59,1011.0,42730,5754,4123,43450,720
60,1014.0,43218,2337,2028,43338,120
61,1013.0,43471,6378,4521,43711,240
62,1011.0,43659,2179,4123,43959,300
63,1013.0,43773,280,4459,44073,300
64,1013.0,43874,2337,4123,44114,240
65,1016.0,43968,4123,2179,44148,180
66,1013.0,43976,280,4459,44276,300
67,1016.0,44185,4123,2028,44425,240
68,1013.0,44192,2199,2337,44552,360
69,1013.0,44210,2028,2337,44390,180
70,1016.0,44361,4123,2028,44601,240
71,1014.0,44445,4603,4451,44505,60
72,1013.0,44454,451,6378,44694,240
73,1016.0,44538,4123,2337,44658,120
74,1015.0,44647,280,6378,44767,120
75,1013.0,44985,2337,4123,45225,240
76,1015.0,45059,5759,280,45119,60
77,1016.0,45157,5754,4451,45457,300
78,1013.0,45279,2179,4123,45579,300
79,1015.0,45629,4473,451,45689,60
80,1018.0,45790,2179,4521,46330,540
81,1018.0,46146,4123,2337,46266,120
82,1015.0,46354,6378,4459,46534,180
83,1018.0,46355,2179,5754,46775,420
84,1015.0,46948,1919,1801,47008,60
85,1018.0,47271,2028,1801,47331,60
86,1020.0,47355,4123,2337,47475,120
87,1020.0,47435,4123,2179,47615,180
88,1020.0,48026,4123,2179,48206,180
89,1020.0,48038,2179,1919,48218,180
90,1017.0,48607,2337,4123,48847,240
91,1019.0,48746,280,6378,48866,120
92,1020.0,49040,4123,4451,49940,900
93,1020.0,49045,4123,4451,49945,900
94,1019.0,49099,451,280,49219,120
95,1022.0,49214,4123,2028,49454,240
96,1019.0,49234,280,1008,49294,60
97,1019.0,49254,6378,1237,49374,120
98,1019.0,49378,6378,1237,49498,120
99,1019.0,49620,2028,4123,50040,420
100,1019.0,49631,2337,4123,49871,240
101,1019.0,49941,4459,4521,50001,60
102,1022.0,49982,5283,4451,50102,120
103,1022.0,50108,4123,2199,50588,480
104,1022.0,50131,4123,2337,50251,120
105,1022.0,50424,2199,4451,50844,420
106,1022.0,50579,4123,4451,51479,900
107,1022.0,50629,4123,1919,50989,360
108,1021.0,50789,1008,6378,50849,60
109,1022.0,50859,4123,5283,51639,780
110,1021.0,50932,6378,4459,51112,180
111,1022.0,51000,2199,4451,51420,420
112,1021.0,51151,4473,451,51211,60
113,1021.0,51227,2028,2337,51407,180
114,1021.0,51227,451,5759,51287,60
115,1024.0,51256,4123,2179,51436,180
116,1022.0,51451,5283,4451,51571,120
117,1024.0,51584,4123,1919,51944,360
118,1024.0,51759,4521,5283,51819,60
119,1021.0,51838,280,6378,51958,120
120,1024.0,51916,4123,4451,52816,900
121,1023.0,51956,451,5759,52016,60
122,1024.0,52140,4123,5283,52920,780
123,1023.0,52433,6378,4459,52613,180
124,1023.0,52612,451,5759,52672,60
125,1024.0,52616,4123,4603,53456,840
126,1024.0,52644,4123,2337,52764,120
127,1023.0,52967,2028,4123,53387,420
128,1026.0,53277,4123,2179,53457,180
129,1026.0,53302,4123,5754,53902,600
130,1026.0,53413,2179,2199,53713,300
131,1026.0,53477,4123,4455,54437,960
132,1023.0,53591,1237,5754,53771,180
133,1026.0,53630,5283,4603,53690,60
134,1023.0,53834,2179,4123,54134,300
135,1026.0,54022,4123,2028,54262,240
136,1025.0,54219,5754,2337,54699,480
137,1025.0,54377,451,5759,54437,60
138,1025.0,54416,4459,4521,54476,60
139,1023.0,54463,2179,4123,54763,300
140,1025.0,54727,4459,2199,54967,240
141,1025.0,54775,2179,4123,55075,300
142,1028.0,54800,4123,2028,55040,240
143,1025.0,55146,5754,2179,55566,420
144,1028.0,55244,4123,5283,56024,780
145,1025.0,55275,280,6378,55395,120
146,1025.0,55314,6378,4459,55494,180
147,1028.0,55333,4123,2028,55573,240
148,1028.0,55381,4123,4521,56101,720
149,1028.0,55848,4123,2179,56028,180
150,1028.0,55887,5283,4603,55947,60
151,1028.0,55949,2337,2028,56069,120
152,1028.0,56070,4123,2179,56250,180
153,1027.0,56083,4459,2179,56623,540
154,1030.0,56281,4123,5754,56881,600
155,1027.0,56683,2028,2179,56803,120
156,1027.0,56829,2337,4123,57069,240
157,1029.0,57101,4473,451,57161,60
158,1030.0,57300,4123,2337,57420,120
159,1030.0,57370,4123,5283,58150,780
160,1027.0,57374,1919,4123,57914,540
161,1027.0,57437,4459,5754,57557,120
162,1030.0,57836,4123,2028,58076,240
163,1032.0,58094,4123,2337,58214,120
164,1029.0,58251,4521,2028,58611,360
165,1032.0,58390,4123,2337,58510,120
166,1029.0,58521,4473,451,58581,60
167,1029.0,58766,4473,451,58826,60
168,1032.0,58949,4603,4455,59069,120
169,1032.0,59009,2337,4473,59969,960
170,1032.0,59124,5283,4473,59424,300
171,1031.0,59433,4459,5754,59553,120
172,1032.0,59518,4123,2179,59698,180
173,1032.0,59551,2028,5283,60091,540
174,1031.0,59728,1237,4459,59788,60
175,1031.0,59851,1237,5754,60031,180
176,1034.0,60168,4123,2179,60348,180
177,1031.0,60227,2028,4123,60647,420
178,1031.0,60337,5754,4123,61057,720
179,1031.0,60395,2179,2337,60455,60
180,1031.0,60535,4459,5754,60655,120
181,1031.0,60671,2179,2337,60731,60
182,1034.0,60722,4123,1919,61082,360
183,1031.0,60961,2179,2337,61021,60
184,1033.0,61377,4459,5754,61497,120
185,1034.0,61580,4521,4473,61940,360
186,1036.0,62055,4123,2179,62235,180
187,1036.0,62110,4123,5754,62710,600
188,1033.0,62156,280,6378,62276,120
189,1033.0,62263,4521,5754,62323,60
190,1036.0,63128,4123,2179,63308,180
191,1036.0,63788,4521,4473,64148,360
192,1035.0,64037,1008,2199,64517,480
193,1035.0,64089,1008,2199,64569,480
194,1038.0,64598,4123,2337,64718,120
195,1035.0,64650,1801,2337,64890,240
196,1038.0,66516,4123,2337,66636,120
197,1038.0,66777,5283,4451,66897,120
198,1037.0,67187,1237,4459,67247,60
199,1038.0,67365,4123,2179,67545,180
200,1037.0,68268,4473,4123,69588,1320
201,1037.0,68274,4473,1801,69114,840
202,1039.0,69358,280,4459,69658,300
203,1039.0,72003,5759,280,72063,60
204,1039.0,72698,4459,5754,72818,120
205,1042.0,73339,2337,2199,73699,360
206,1042.0,74127,2028,4473,74967,840
207,1044.0,75292,4123,5754,75892,600
208,1044.0,75557,4123,4451,76457,900
209,1041.0,76342,2179,4123,76642,300
210,1043.0,78457,5754,4123,79177,720
211,1046.0,78955,616,5283,80035,1080
212,1045.0,80736,5759,280,80796,60
213,1045.0,82920,5759,280,82980,60
214,1045.0,82992,5759,280,83052,60
215,1048.0,83710,4123,1919,84070,360
216,1048.0,84067,4123,5283,84847,780
217,1047.0,85992,4473,451,86052,60
218,1048.0,86422,2199,5754,86542,120
219,1047.0,86577,4473,451,86637,60
