request_id,trip_id,rq_time,start,end,bus_end_tt,bus_tt
0,1002.0,31472,1801,5283,31952,480
1,1002.0,31703,1919,4451,32243,540
2,1001.0,32066,280,4123,33206,1140
3,1001.0,32475,4473,4123,33795,1320
4,1001.0,32668,5754,4123,33388,720
5,1001.0,33074,4459,4521,33134,60
6,1001.0,33087,2179,4123,33387,300
7,1001.0,33162,4521,2337,33702,540
8,1001.0,33165,2199,4123,33765,600
9,1001.0,33249,1919,2179,33489,240
10,1001.0,33441,2179,4123,33741,300
11,1004.0,33492,2337,2028,33612,120
12,1001.0,33672,2179,4123,33972,300
13,1001.0,33689,280,2337,34589,900
14,1001.0,33866,5754,2179,34286,420
15,1001.0,33967,2179,4123,34267,300
16,1004.0,34106,2337,1801,34286,180
17,1003.0,34332,5754,2199,34452,120
18,1001.0,34340,2179,4123,34640,300
19,1003.0,34547,1919,4123,35087,540
20,1003.0,35050,4521,5754,35110,60
21,1004.0,35152,5283,4473,35452,300
22,1003.0,35170,4473,451,35230,60
23,1006.0,35216,2337,2179,35276,60
24,1006.0,35498,4123,2337,35618,120
25,1003.0,35525,5754,1801,35765,240
26,1003.0,35575,5754,4123,36295,720
27,1005.0,35927,451,5759,35987,60
28,1006.0,36122,4123,4455,37082,960
29,1005.0,36297,1919,1801,36357,60
30,1006.0,36665,2199,4451,37085,420
31,1008.0,37053,1919,5283,37473,420
32,1005.0,37858,2179,4123,38158,300
33,1007.0,37966,4473,451,38026,60
34,1005.0,38241,2337,4123,38481,240
35,1010.0,38585,2179,5754,39005,420
36,1010.0,38678,2028,1919,38798,120
37,1010.0,38797,4123,4451,39697,900
38,1007.0,38808,2028,4123,39228,420
39,1007.0,38833,6378,4459,39013,180
40,1007.0,38965,4459,5754,39085,120
41,1010.0,39103,4123,5283,39883,780
42,1007.0,39315,2028,4123,39735,420
43,1009.0,39732,5754,1801,39972,240
44,1009.0,39782,4521,4123,40562,780
45,1010.0,40325,2199,5283,40625,300
46,1012.0,40675,2337,2179,40735,60
47,1012.0,40808,4123,2028,41048,240
48,1012.0,41226,5754,4521,41346,120
49,1011.0,41496,451,6378,41736,240
50,1011.0,41567,4521,5754,41627,60
51,1009.0,41606,1919,4123,42146,540
52,1011.0,42111,5754,4123,42831,720
53,1014.0,42204,4123,2179,42384,180
54,1011.0,42269,2337,4123,42509,240
55,1011.0,42541,2337,4123,42781,240
56,1011.0,42594,4459,4521,42654,60
57,1011.0,43043,2179,4123,43343,300
58,1011.0,43084,2199,4123,43684,600
59,1011.0,43265,2028,4123,43685,420
60,1013.0,43462,1919,2179,43702,240
61,1013.0,43758,2179,4123,44058,300
62,1014.0,43793,2337,5754,44273,480
63,1013.0,43872,1237,4521,43992,120
64,1016.0,43958,4123,5754,44558,600
65,1016.0,44114,4123,1801,44414,300
66,1016.0,44311,4123,5283,45091,780
67,1016.0,44517,4123,2179,44697,180
68,1016.0,44950,4123,2028,45190,240
69,1015.0,45187,6378,4459,45367,180
70,1015.0,45253,1008,6378,45313,60
71,1013.0,45269,2028,2337,45449,180
72,1016.0,45404,4123,2028,45644,240
73,1015.0,45706,6378,4521,45946,240
74,1018.0,45727,2179,5283,46327,600
75,1015.0,45908,4521,5754,45968,60
76,1015.0,46141,2179,4123,46441,300
77,1017.0,46276,4473,451,46336,60
78,1015.0,46278,1237,4521,46398,120
79,1018.0,46283,4123,4451,47183,900
80,1015.0,46384,2179,4123,46684,300
81,1018.0,46606,2199,4451,47026,420
82,1015.0,46831,2028,4123,47251,420
83,1018.0,46854,4123,2337,46974,120
84,1017.0,47080,280,2337,47980,900
85,1017.0,47151,4473,2179,48171,1020
86,1017.0,47662,5754,4123,48382,720
87,1020.0,47860,4123,2179,48040,180
88,1020.0,47970,2337,4451,48750,780
89,1020.0,48340,4123,2179,48520,180
90,1020.0,48349,4123,2179,48529,180
91,1020.0,48513,2199,5754,48633,120
92,1020.0,48543,2028,4455,49263,720
93,1019.0,48676,4459,4123,49516,840
94,1019.0,48817,4459,4521,48877,60
95,1020.0,48850,4123,5283,49630,780
96,1019.0,48912,4459,4521,48972,60
97,1020.0,48949,4521,4455,49189,240
98,1020.0,49045,4123,2179,49225,180
99,1019.0,49205,2028,4123,49625,420
100,1019.0,49489,280,6378,49609,120
101,1019.0,49545,5754,2028,49845,300
102,1022.0,49672,4123,2337,49792,120
103,1022.0,49684,4123,1919,50044,360
104,1022.0,49799,4123,2337,49919,120
105,1022.0,49820,4123,1919,50180,360
106,1022.0,49925,4123,4455,50885,960
107,1019.0,49926,4459,5754,50046,120
108,1021.0,50089,4473,5759,50209,120
109,1019.0,50126,1801,2179,50306,180
110,1022.0,50252,4123,4603,51092,840
111,1022.0,50285,4521,4451,50465,180
112,1019.0,50542,2179,4123,50842,300
113,1021.0,50614,1237,4459,50674,60
114,1022.0,50634,4123,2179,50814,180
115,1019.0,50656,2337,4123,50896,240
116,1021.0,51034,2179,4123,51334,300
117,1021.0,51091,1008,6378,51151,60
118,1024.0,51217,4123,1919,51577,360
119,1024.0,51423,2179,1801,51543,120
120,1024.0,51594,4123,4451,52494,900
121,1024.0,51745,2179,2199,52045,300
122,1024.0,51850,4123,2199,52330,480
123,1021.0,51919,4459,4123,52759,840
124,1024.0,51960,5754,5283,52140,180
125,1024.0,52191,4123,2179,52371,180
126,1024.0,52268,4123,2179,52448,180
127,1023.0,52388,4459,1801,52748,360
128,1024.0,52514,4123,1919,52874,360
129,1023.0,52794,5759,4459,53154,360
130,1026.0,52882,4123,2179,53062,180
131,1023.0,53338,4459,2028,53758,420
132,1026.0,53426,4521,4451,53606,180
133,1026.0,53465,4123,2179,53645,180
134,1026.0,53585,4123,4455,54545,960
135,1023.0,53644,4459,5754,53764,120
136,1026.0,53689,5754,5283,53869,180
137,1026.0,53754,4521,4603,53874,120
138,1026.0,53823,4123,2179,54003,180
139,1023.0,53830,2179,2337,53890,60
140,1026.0,54216,1801,2199,54396,180
141,1025.0,54444,6378,4459,54624,180
142,1028.0,54789,4123,2337,54909,120
143,1028.0,55239,4123,2179,55419,180
144,1028.0,55304,4123,2179,55484,180
145,1025.0,55345,2028,4123,55765,420
146,1025.0,55353,5754,2337,55833,480
147,1028.0,55465,2179,1919,55645,180
148,1025.0,55631,4459,4521,55691,60
149,1028.0,55690,4123,2199,56170,480
150,1028.0,55717,5283,4451,55837,120
151,1028.0,56025,4123,2028,56265,240
152,1028.0,56276,4123,2337,56396,120
153,1027.0,56284,5759,280,56344,60
154,1028.0,56365,5754,5283,56545,180
155,1030.0,56760,4123,2028,57000,240
156,1027.0,56785,6378,4521,57025,240
157,1027.0,56935,2179,2337,56995,60
158,1030.0,57203,4123,5754,57803,600
159,1027.0,57641,2028,4123,58061,420
160,1030.0,57937,4123,2337,58057,120
161,1029.0,58174,4521,4123,58954,780
162,1032.0,58331,4123,2199,58811,480
163,1032.0,58525,4123,1801,58825,300
164,1032.0,58559,4123,2199,59039,480
165,1029.0,58826,1919,4123,59366,540
166,1029.0,58941,4459,5754,59061,120
167,1029.0,58951,4521,2179,59431,480
168,1029.0,59147,1237,4459,59207,60
169,1029.0,59308,4459,2028,59728,420
170,1031.0,59487,4473,451,59547,60
171,1032.0,59534,4123,2337,59654,120
172,1031.0,59599,5759,280,59659,60
173,1032.0,59880,4123,2199,60360,480
174,1031.0,60034,5759,280,60094,60
175,1034.0,60415,4123,2028,60655,240
176,1031.0,60570,4473,451,60630,60
177,1034.0,60738,2179,4521,61278,540
178,1034.0,60954,5283,4455,61134,180
179,1031.0,61028,2028,4123,61448,420
180,1034.0,61028,4123,2028,61268,240
181,1031.0,61061,1801,2179,61241,180
182,1033.0,61074,280,6378,61194,120
183,1033.0,61325,4521,2337,61865,540
184,1033.0,61756,1919,2179,61996,240
185,1036.0,61992,4123,2179,62172,180
186,1036.0,62371,4123,2028,62611,240
187,1035.0,62966,1008,2199,63446,480
188,1033.0,63187,2028,4123,63607,420
189,1036.0,63225,4123,2337,63345,120
190,1035.0,63561,2199,2337,63921,360
191,1036.0,63603,4123,2179,63783,180
192,1036.0,64133,4123,2179,64313,180
193,1035.0,64632,1008,2199,65112,480
194,1038.0,64752,4123,2337,64872,120
195,1035.0,64770,1008,2199,65250,480
196,1035.0,65299,1008,2199,65779,480
197,1038.0,65873,4123,2199,66353,480
198,1038.0,67214,4123,2337,67334,120
199,1038.0,67266,4123,2028,67506,240
200,1038.0,67396,2199,5754,67516,120
201,1040.0,67851,616,2199,68631,780
202,1037.0,67861,1237,4459,67921,60
203,1037.0,68425,2028,4123,68845,420
204,1040.0,68922,4123,2337,69042,120
205,1040.0,69256,5283,4473,69556,300
206,1037.0,69338,2028,4123,69758,420
207,1040.0,69804,4123,5283,70584,780
208,1039.0,69890,451,5759,69950,60
209,1040.0,70804,4123,4455,71764,960
210,1042.0,73065,2337,1919,73305,240
211,1042.0,74233,4123,1919,74593,360
212,1042.0,75153,4123,2179,75333,180
213,1041.0,75828,280,5754,76248,420
214,1043.0,77959,5754,4123,78679,720
215,1043.0,78389,4459,5754,78509,120
216,1046.0,79621,4123,1801,79921,300
217,1045.0,81055,4459,2199,81295,240
218,1045.0,82804,5759,280,82864,60
219,1047.0,86706,4473,451,86766,60
